"","record_id","policy_id","entry_type","correct_type","update_type","update_level","description","date_announced","date_start","date_end","country","ISO_A3","ISO_A2","init_country_level","domestic_policy","province","city","type","type_sub_cat","type_text","school_status","target_country","target_geog_level","target_region","target_province","target_city","target_other","target_who_what","target_direction","travel_mechanism","compliance","enforcer","index_high_est","index_med_est","index_low_est","index_country_rank","link","date_updated","recorded_date"
"1","R_2qlSBRQwnRz5OIjDg",1812963,"new_entry","original","NA",NA,"The Health Ministry advised the public not to be fooled and believe in information and news being disseminated over the Internet or through other media such as  Whatsapp, Twitter, and  Facebook without ascertaining its authenticity.",2020-05-08,2020-05-08,NA,"Brunei","BRN","BN","National",0,NA,NA,"Anti-Disinformation Measures","Other Quarantine",NA,"","Brunei",NA,NA,NA,NA,NA,NA,NA,NA,"Voluntary/Recommended but No Penalties","Ministry/Department of Health",NA,NA,NA,NA,"https://thescoop.co/2020/05/01/covid-19-live-updates-3/",2020-07-12,"2020-07-12 22:58:57"
"2","R_2qlSBRQwnRz5OIjCi",1812963,"new_entry","original","NA",NA,"The Health Ministry advised the public not to be fooled and believe in information and news being disseminated over the Internet or through other media such as  Whatsapp, Twitter, and  Facebook without ascertaining its authenticity.",2020-05-08,2020-05-08,NA,"Brunei","BRN","BN","National",0,NA,NA,"Anti-Disinformation Measures","Lockdown applies to all people",NA,"","Brunei",NA,NA,NA,NA,NA,NA,NA,NA,"Voluntary/Recommended but No Penalties","Ministry/Department of Health",NA,NA,NA,NA,"https://thescoop.co/2020/05/01/covid-19-live-updates-3/",2020-07-12,"2020-07-12 22:58:57"
"3","R_2qlSBRQwnRz5OIjDc",1812963,"new_entry","original","NA",NA,"The Health Ministry advised the public not to be fooled and believe in information and news being disseminated over the Internet or through other media such as  Whatsapp, Twitter, and  Facebook without ascertaining its authenticity.",2020-05-08,2020-05-08,NA,"Brunei","BRN","BN","National",0,NA,NA,"Anti-Disinformation Measures","Other mass gatherings not specified above restricted",NA,"","Brunei",NA,NA,NA,NA,NA,NA,NA,NA,"Voluntary/Recommended but No Penalties","Ministry/Department of Health",NA,NA,NA,NA,"https://thescoop.co/2020/05/01/covid-19-live-updates-3/",2020-07-12,"2020-07-12 22:58:57"
"4","R_2qlSBRQwnRz5OIjCh",1812963,"new_entry","original","NA",NA,"The Health Ministry advised the public not to be fooled and believe in information and news being disseminated over the Internet or through other media such as  Whatsapp, Twitter, and  Facebook without ascertaining its authenticity.",2020-05-08,2020-05-08,NA,"Brunei","BRN","BN","National",0,NA,NA,"Anti-Disinformation Measures","Keeping a distance of at least 6 feet or 1.5 meters apart",NA,"","Brunei",NA,NA,NA,NA,NA,NA,NA,NA,"Voluntary/Recommended but No Penalties","Ministry/Department of Health",NA,NA,NA,NA,"https://thescoop.co/2020/05/01/covid-19-live-updates-3/",2020-07-12,"2020-07-12 22:58:57"
"5","R_2qlSBRQwnRz5OIjEi",1812963,"new_entry","original","NA",NA,"The Health Ministry advised the public not to be fooled and believe in information and news being disseminated over the Internet or through other media such as  Whatsapp, Twitter, and  Facebook without ascertaining its authenticity.",2020-05-08,2020-05-08,NA,"Brunei","BRN","BN","National",0,NA,NA,"Anti-Disinformation Measures","Restrictions on ridership of buses",NA,"","Brunei",NA,NA,NA,NA,NA,NA,NA,NA,"Voluntary/Recommended but No Penalties","Ministry/Department of Health",NA,NA,NA,NA,"https://thescoop.co/2020/05/01/covid-19-live-updates-3/",2020-07-12,"2020-07-12 22:58:57"
"6","R_2qlSBRQwnRz5OIjEl",1812963,"new_entry","original","NA",NA,"The Health Ministry advised the public not to be fooled and believe in information and news being disseminated over the Internet or through other media such as  Whatsapp, Twitter, and  Facebook without ascertaining its authenticity.",2020-05-08,2020-05-08,NA,"Brunei","BRN","BN","National",0,NA,NA,"Anti-Disinformation Measures","Restrictions ridership of other forms of public transportation (please include details in the text entry)",NA,"","Brunei",NA,NA,NA,NA,NA,NA,NA,NA,"Voluntary/Recommended but No Penalties","Ministry/Department of Health",NA,NA,NA,NA,"https://thescoop.co/2020/05/01/covid-19-live-updates-3/",2020-07-12,"2020-07-12 22:58:57"
"7","R_2qlSBRQwnRz5OIjAq",1812963,"new_entry","original","NA",NA,"The Health Ministry advised the public not to be fooled and believe in information and news being disseminated over the Internet or through other media such as  Whatsapp, Twitter, and  Facebook without ascertaining its authenticity.",2020-05-08,2020-05-08,NA,"Brunei","BRN","BN","National",0,NA,NA,"Anti-Disinformation Measures","82800",NA,"","Brunei",NA,NA,NA,NA,NA,NA,NA,NA,"Voluntary/Recommended but No Penalties","Ministry/Department of Health",NA,NA,NA,NA,"https://thescoop.co/2020/05/01/covid-19-live-updates-3/",2020-07-12,"2020-07-12 22:58:57"
"8","R_2qlSBRQwnRz5OIjAd",1812963,"new_entry","original","NA",NA,"The Health Ministry advised the public not to be fooled and believe in information and news being disseminated over the Internet or through other media such as  Whatsapp, Twitter, and  Facebook without ascertaining its authenticity.",2020-05-08,2020-05-08,NA,"Brunei","BRN","BN","National",0,NA,NA,"Anti-Disinformation Measures","21600",NA,"","Brunei",NA,NA,NA,NA,NA,NA,NA,NA,"Voluntary/Recommended but No Penalties","Ministry/Department of Health",NA,NA,NA,NA,"https://thescoop.co/2020/05/01/covid-19-live-updates-3/",2020-07-12,"2020-07-12 22:58:57"
"9","R_2qlSBRQwnRz5OIjDn",1812963,"new_entry","original","NA",NA,"The Health Ministry advised the public not to be fooled and believe in information and news being disseminated over the Internet or through other media such as  Whatsapp, Twitter, and  Facebook without ascertaining its authenticity.",2020-05-08,2020-05-08,NA,"Brunei","BRN","BN","National",0,NA,NA,"Anti-Disinformation Measures","Preschool or childcare facilities (generally for children ages 5 and below)",NA,"","Brunei",NA,NA,NA,NA,NA,NA,NA,NA,"Voluntary/Recommended but No Penalties","Ministry/Department of Health",NA,NA,NA,NA,"https://thescoop.co/2020/05/01/covid-19-live-updates-3/",2020-07-12,"2020-07-12 22:58:57"
"10","R_2qlSBRQwnRz5OIjDp",1812963,"new_entry","original","NA",NA,"The Health Ministry advised the public not to be fooled and believe in information and news being disseminated over the Internet or through other media such as  Whatsapp, Twitter, and  Facebook without ascertaining its authenticity.",2020-05-08,2020-05-08,NA,"Brunei","BRN","BN","National",0,NA,NA,"Anti-Disinformation Measures","Primary Schools (generally for children ages 10 and below)",NA,"","Brunei",NA,NA,NA,NA,NA,NA,NA,NA,"Voluntary/Recommended but No Penalties","Ministry/Department of Health",NA,NA,NA,NA,"https://thescoop.co/2020/05/01/covid-19-live-updates-3/",2020-07-12,"2020-07-12 22:58:57"
"11","R_2qlSBRQwnRz5OIjEn",1812963,"new_entry","original","NA",NA,"The Health Ministry advised the public not to be fooled and believe in information and news being disseminated over the Internet or through other media such as  Whatsapp, Twitter, and  Facebook without ascertaining its authenticity.",2020-05-08,2020-05-08,NA,"Brunei","BRN","BN","National",0,NA,NA,"Anti-Disinformation Measures","Secondary Schools (generally for children ages 10 to 18)",NA,"","Brunei",NA,NA,NA,NA,NA,NA,NA,NA,"Voluntary/Recommended but No Penalties","Ministry/Department of Health",NA,NA,NA,NA,"https://thescoop.co/2020/05/01/covid-19-live-updates-3/",2020-07-12,"2020-07-12 22:58:57"
"12","R_2qlSBRQwnRz5OIjBy",1812963,"new_entry","original","NA",NA,"The Health Ministry advised the public not to be fooled and believe in information and news being disseminated over the Internet or through other media such as  Whatsapp, Twitter, and  Facebook without ascertaining its authenticity.",2020-05-08,2020-05-08,NA,"Brunei","BRN","BN","National",0,NA,NA,"Anti-Disinformation Measures","Higher education institutions (i.e. degree granting institutions)",NA,"","Brunei",NA,NA,NA,NA,NA,NA,NA,NA,"Voluntary/Recommended but No Penalties","Ministry/Department of Health",NA,NA,NA,NA,"https://thescoop.co/2020/05/01/covid-19-live-updates-3/",2020-07-12,"2020-07-12 22:58:57"
"13","R_2qlSBRQwnRz5OIjEe",1812963,"new_entry","original","NA",NA,"The Health Ministry advised the public not to be fooled and believe in information and news being disseminated over the Internet or through other media such as  Whatsapp, Twitter, and  Facebook without ascertaining its authenticity.",2020-05-08,2020-05-08,NA,"Brunei","BRN","BN","National",0,NA,NA,"Anti-Disinformation Measures","Regulations on government meetings (including e.g. suspension of parliament)",NA,"","Brunei",NA,NA,NA,NA,NA,NA,NA,NA,"Voluntary/Recommended but No Penalties","Ministry/Department of Health",NA,NA,NA,NA,"https://thescoop.co/2020/05/01/covid-19-live-updates-3/",2020-07-12,"2020-07-12 22:58:57"
"14","R_2qlSBRQwnRz5OIjCq",1812963,"new_entry","original","NA",NA,"The Health Ministry advised the public not to be fooled and believe in information and news being disseminated over the Internet or through other media such as  Whatsapp, Twitter, and  Facebook without ascertaining its authenticity.",2020-05-08,2020-05-08,NA,"Brunei","BRN","BN","National",0,NA,NA,"Anti-Disinformation Measures","Non-Essential Commercial Businesses",NA,"","Brunei",NA,NA,NA,NA,NA,NA,NA,NA,"Voluntary/Recommended but No Penalties","Ministry/Department of Health",NA,NA,NA,NA,"https://thescoop.co/2020/05/01/covid-19-live-updates-3/",2020-07-12,"2020-07-12 22:58:57"
"15","R_2qlSBRQwnRz5OIjCm",1812963,"new_entry","original","NA",NA,"The Health Ministry advised the public not to be fooled and believe in information and news being disseminated over the Internet or through other media such as  Whatsapp, Twitter, and  Facebook without ascertaining its authenticity.",2020-05-08,2020-05-08,NA,"Brunei","BRN","BN","National",0,NA,NA,"Anti-Disinformation Measures","Masks",NA,"","Brunei",NA,NA,NA,NA,NA,NA,NA,NA,"Voluntary/Recommended but No Penalties","Ministry/Department of Health",NA,NA,NA,NA,"https://thescoop.co/2020/05/01/covid-19-live-updates-3/",2020-07-12,"2020-07-12 22:58:57"
"16","R_2qlSBRQwnRz5OIjCb",1812963,"new_entry","original","NA",NA,"The Health Ministry advised the public not to be fooled and believe in information and news being disseminated over the Internet or through other media such as  Whatsapp, Twitter, and  Facebook without ascertaining its authenticity.",2020-05-08,2020-05-08,NA,"Brunei","BRN","BN","National",0,NA,NA,"Anti-Disinformation Measures","Hygiene measures for public areas",NA,"","Brunei",NA,NA,NA,NA,NA,NA,NA,NA,"Voluntary/Recommended but No Penalties","Ministry/Department of Health",NA,NA,NA,NA,"https://thescoop.co/2020/05/01/covid-19-live-updates-3/",2020-07-12,"2020-07-12 22:58:57"
"17","R_2qlSBRQwnRz5OIjBj",1812963,"new_entry","original","NA",NA,"The Health Ministry advised the public not to be fooled and believe in information and news being disseminated over the Internet or through other media such as  Whatsapp, Twitter, and  Facebook without ascertaining its authenticity.",2020-05-08,2020-05-08,NA,"Brunei","BRN","BN","National",0,NA,NA,"Anti-Disinformation Measures","Disseminating information related to COVID-19 to the public that is reliable and factually accurate",NA,"","Brunei",NA,NA,NA,NA,NA,NA,NA,NA,"Voluntary/Recommended but No Penalties","Ministry/Department of Health",NA,NA,NA,NA,"https://thescoop.co/2020/05/01/covid-19-live-updates-3/",2020-07-12,"2020-07-12 22:58:57"
"18","R_2qlSBRQwnRz5OIjCp",1812963,"new_entry","original","NA",NA,"The Health Ministry advised the public not to be fooled and believe in information and news being disseminated over the Internet or through other media such as  Whatsapp, Twitter, and  Facebook without ascertaining its authenticity.",2020-05-08,2020-05-08,NA,"Brunei","BRN","BN","National",0,NA,NA,"Anti-Disinformation Measures","New Task Force or Bureau (i.e. establishment of a temporary body)",NA,"","Brunei",NA,NA,NA,NA,NA,NA,NA,NA,"Voluntary/Recommended but No Penalties","Ministry/Department of Health",NA,NA,NA,NA,"https://thescoop.co/2020/05/01/covid-19-live-updates-3/",2020-07-12,"2020-07-12 22:58:57"
"19","R_3EKGinRZTHfniJzDg",7484894,"new_entry","original","NA",NA,"The Health Ministry urged the public not to discriminate against coronavirus-infected",2020-05-08,2020-05-08,NA,"Brunei","BRN","BN","National",0,NA,NA,"Anti-Disinformation Measures","Other Quarantine",NA,"","Brunei",NA,NA,NA,NA,NA,NA,NA,NA,"Voluntary/Recommended but No Penalties","Ministry/Department of Health",NA,NA,NA,NA,"https://thescoop.co/2020/05/01/covid-19-live-updates-3/",2020-07-12,"2020-07-12 22:51:56"
"20","R_3EKGinRZTHfniJzCi",7484894,"new_entry","original","NA",NA,"The Health Ministry urged the public not to discriminate against coronavirus-infected",2020-05-08,2020-05-08,NA,"Brunei","BRN","BN","National",0,NA,NA,"Anti-Disinformation Measures","Lockdown applies to all people",NA,"","Brunei",NA,NA,NA,NA,NA,NA,NA,NA,"Voluntary/Recommended but No Penalties","Ministry/Department of Health",NA,NA,NA,NA,"https://thescoop.co/2020/05/01/covid-19-live-updates-3/",2020-07-12,"2020-07-12 22:51:56"
"21","R_3EKGinRZTHfniJzDc",7484894,"new_entry","original","NA",NA,"The Health Ministry urged the public not to discriminate against coronavirus-infected",2020-05-08,2020-05-08,NA,"Brunei","BRN","BN","National",0,NA,NA,"Anti-Disinformation Measures","Other mass gatherings not specified above restricted",NA,"","Brunei",NA,NA,NA,NA,NA,NA,NA,NA,"Voluntary/Recommended but No Penalties","Ministry/Department of Health",NA,NA,NA,NA,"https://thescoop.co/2020/05/01/covid-19-live-updates-3/",2020-07-12,"2020-07-12 22:51:56"
"22","R_3EKGinRZTHfniJzCh",7484894,"new_entry","original","NA",NA,"The Health Ministry urged the public not to discriminate against coronavirus-infected",2020-05-08,2020-05-08,NA,"Brunei","BRN","BN","National",0,NA,NA,"Anti-Disinformation Measures","Keeping a distance of at least 6 feet or 1.5 meters apart",NA,"","Brunei",NA,NA,NA,NA,NA,NA,NA,NA,"Voluntary/Recommended but No Penalties","Ministry/Department of Health",NA,NA,NA,NA,"https://thescoop.co/2020/05/01/covid-19-live-updates-3/",2020-07-12,"2020-07-12 22:51:56"
"23","R_3EKGinRZTHfniJzEi",7484894,"new_entry","original","NA",NA,"The Health Ministry urged the public not to discriminate against coronavirus-infected",2020-05-08,2020-05-08,NA,"Brunei","BRN","BN","National",0,NA,NA,"Anti-Disinformation Measures","Restrictions on ridership of buses",NA,"","Brunei",NA,NA,NA,NA,NA,NA,NA,NA,"Voluntary/Recommended but No Penalties","Ministry/Department of Health",NA,NA,NA,NA,"https://thescoop.co/2020/05/01/covid-19-live-updates-3/",2020-07-12,"2020-07-12 22:51:56"
"24","R_3EKGinRZTHfniJzEl",7484894,"new_entry","original","NA",NA,"The Health Ministry urged the public not to discriminate against coronavirus-infected",2020-05-08,2020-05-08,NA,"Brunei","BRN","BN","National",0,NA,NA,"Anti-Disinformation Measures","Restrictions ridership of other forms of public transportation (please include details in the text entry)",NA,"","Brunei",NA,NA,NA,NA,NA,NA,NA,NA,"Voluntary/Recommended but No Penalties","Ministry/Department of Health",NA,NA,NA,NA,"https://thescoop.co/2020/05/01/covid-19-live-updates-3/",2020-07-12,"2020-07-12 22:51:56"
"25","R_3EKGinRZTHfniJzAq",7484894,"new_entry","original","NA",NA,"The Health Ministry urged the public not to discriminate against coronavirus-infected",2020-05-08,2020-05-08,NA,"Brunei","BRN","BN","National",0,NA,NA,"Anti-Disinformation Measures","82800",NA,"","Brunei",NA,NA,NA,NA,NA,NA,NA,NA,"Voluntary/Recommended but No Penalties","Ministry/Department of Health",NA,NA,NA,NA,"https://thescoop.co/2020/05/01/covid-19-live-updates-3/",2020-07-12,"2020-07-12 22:51:56"
"26","R_3EKGinRZTHfniJzAd",7484894,"new_entry","original","NA",NA,"The Health Ministry urged the public not to discriminate against coronavirus-infected",2020-05-08,2020-05-08,NA,"Brunei","BRN","BN","National",0,NA,NA,"Anti-Disinformation Measures","21600",NA,"","Brunei",NA,NA,NA,NA,NA,NA,NA,NA,"Voluntary/Recommended but No Penalties","Ministry/Department of Health",NA,NA,NA,NA,"https://thescoop.co/2020/05/01/covid-19-live-updates-3/",2020-07-12,"2020-07-12 22:51:56"
"27","R_3EKGinRZTHfniJzDn",7484894,"new_entry","original","NA",NA,"The Health Ministry urged the public not to discriminate against coronavirus-infected",2020-05-08,2020-05-08,NA,"Brunei","BRN","BN","National",0,NA,NA,"Anti-Disinformation Measures","Preschool or childcare facilities (generally for children ages 5 and below)",NA,"","Brunei",NA,NA,NA,NA,NA,NA,NA,NA,"Voluntary/Recommended but No Penalties","Ministry/Department of Health",NA,NA,NA,NA,"https://thescoop.co/2020/05/01/covid-19-live-updates-3/",2020-07-12,"2020-07-12 22:51:56"
"28","R_3EKGinRZTHfniJzDp",7484894,"new_entry","original","NA",NA,"The Health Ministry urged the public not to discriminate against coronavirus-infected",2020-05-08,2020-05-08,NA,"Brunei","BRN","BN","National",0,NA,NA,"Anti-Disinformation Measures","Primary Schools (generally for children ages 10 and below)",NA,"","Brunei",NA,NA,NA,NA,NA,NA,NA,NA,"Voluntary/Recommended but No Penalties","Ministry/Department of Health",NA,NA,NA,NA,"https://thescoop.co/2020/05/01/covid-19-live-updates-3/",2020-07-12,"2020-07-12 22:51:56"
"29","R_3EKGinRZTHfniJzEn",7484894,"new_entry","original","NA",NA,"The Health Ministry urged the public not to discriminate against coronavirus-infected",2020-05-08,2020-05-08,NA,"Brunei","BRN","BN","National",0,NA,NA,"Anti-Disinformation Measures","Secondary Schools (generally for children ages 10 to 18)",NA,"","Brunei",NA,NA,NA,NA,NA,NA,NA,NA,"Voluntary/Recommended but No Penalties","Ministry/Department of Health",NA,NA,NA,NA,"https://thescoop.co/2020/05/01/covid-19-live-updates-3/",2020-07-12,"2020-07-12 22:51:56"
"30","R_3EKGinRZTHfniJzBy",7484894,"new_entry","original","NA",NA,"The Health Ministry urged the public not to discriminate against coronavirus-infected",2020-05-08,2020-05-08,NA,"Brunei","BRN","BN","National",0,NA,NA,"Anti-Disinformation Measures","Higher education institutions (i.e. degree granting institutions)",NA,"","Brunei",NA,NA,NA,NA,NA,NA,NA,NA,"Voluntary/Recommended but No Penalties","Ministry/Department of Health",NA,NA,NA,NA,"https://thescoop.co/2020/05/01/covid-19-live-updates-3/",2020-07-12,"2020-07-12 22:51:56"
"31","R_3EKGinRZTHfniJzEe",7484894,"new_entry","original","NA",NA,"The Health Ministry urged the public not to discriminate against coronavirus-infected",2020-05-08,2020-05-08,NA,"Brunei","BRN","BN","National",0,NA,NA,"Anti-Disinformation Measures","Regulations on government meetings (including e.g. suspension of parliament)",NA,"","Brunei",NA,NA,NA,NA,NA,NA,NA,NA,"Voluntary/Recommended but No Penalties","Ministry/Department of Health",NA,NA,NA,NA,"https://thescoop.co/2020/05/01/covid-19-live-updates-3/",2020-07-12,"2020-07-12 22:51:56"
"32","R_3EKGinRZTHfniJzCq",7484894,"new_entry","original","NA",NA,"The Health Ministry urged the public not to discriminate against coronavirus-infected",2020-05-08,2020-05-08,NA,"Brunei","BRN","BN","National",0,NA,NA,"Anti-Disinformation Measures","Non-Essential Commercial Businesses",NA,"","Brunei",NA,NA,NA,NA,NA,NA,NA,NA,"Voluntary/Recommended but No Penalties","Ministry/Department of Health",NA,NA,NA,NA,"https://thescoop.co/2020/05/01/covid-19-live-updates-3/",2020-07-12,"2020-07-12 22:51:56"
"33","R_3EKGinRZTHfniJzCm",7484894,"new_entry","original","NA",NA,"The Health Ministry urged the public not to discriminate against coronavirus-infected",2020-05-08,2020-05-08,NA,"Brunei","BRN","BN","National",0,NA,NA,"Anti-Disinformation Measures","Masks",NA,"","Brunei",NA,NA,NA,NA,NA,NA,NA,NA,"Voluntary/Recommended but No Penalties","Ministry/Department of Health",NA,NA,NA,NA,"https://thescoop.co/2020/05/01/covid-19-live-updates-3/",2020-07-12,"2020-07-12 22:51:56"
"34","R_3EKGinRZTHfniJzCb",7484894,"new_entry","original","NA",NA,"The Health Ministry urged the public not to discriminate against coronavirus-infected",2020-05-08,2020-05-08,NA,"Brunei","BRN","BN","National",0,NA,NA,"Anti-Disinformation Measures","Hygiene measures for public areas",NA,"","Brunei",NA,NA,NA,NA,NA,NA,NA,NA,"Voluntary/Recommended but No Penalties","Ministry/Department of Health",NA,NA,NA,NA,"https://thescoop.co/2020/05/01/covid-19-live-updates-3/",2020-07-12,"2020-07-12 22:51:56"
"35","R_3EKGinRZTHfniJzBj",7484894,"new_entry","original","NA",NA,"The Health Ministry urged the public not to discriminate against coronavirus-infected",2020-05-08,2020-05-08,NA,"Brunei","BRN","BN","National",0,NA,NA,"Anti-Disinformation Measures","Disseminating information related to COVID-19 to the public that is reliable and factually accurate",NA,"","Brunei",NA,NA,NA,NA,NA,NA,NA,NA,"Voluntary/Recommended but No Penalties","Ministry/Department of Health",NA,NA,NA,NA,"https://thescoop.co/2020/05/01/covid-19-live-updates-3/",2020-07-12,"2020-07-12 22:51:56"
"36","R_3EKGinRZTHfniJzCp",7484894,"new_entry","original","NA",NA,"The Health Ministry urged the public not to discriminate against coronavirus-infected",2020-05-08,2020-05-08,NA,"Brunei","BRN","BN","National",0,NA,NA,"Anti-Disinformation Measures","New Task Force or Bureau (i.e. establishment of a temporary body)",NA,"","Brunei",NA,NA,NA,NA,NA,NA,NA,NA,"Voluntary/Recommended but No Penalties","Ministry/Department of Health",NA,NA,NA,NA,"https://thescoop.co/2020/05/01/covid-19-live-updates-3/",2020-07-12,"2020-07-12 22:51:56"
"37","R_1mQ8xoVNaqioBBGDg",9468971,"new_entry","original","NA",NA,"Health Ministry informed that whether orally or in writing or by any other means, disseminates false reports, or makes false statements,  resulting in disruptive public order is punishable by up to three-year imprisonment and fined up to BND3,000.",2020-05-08,2020-05-08,NA,"Brunei","BRN","BN","National",0,NA,NA,"Anti-Disinformation Measures","Other Quarantine",NA,"","Brunei",NA,NA,NA,NA,NA,NA,NA,NA,"Mandatory with Legal Penalties (Jail Time),Mandatory with Fines","Ministry/Department of Health",NA,NA,NA,NA,"https://thescoop.co/2020/05/01/covid-19-live-updates-3/",2020-07-12,"2020-07-12 23:10:48"
"38","R_1mQ8xoVNaqioBBGCi",9468971,"new_entry","original","NA",NA,"Health Ministry informed that whether orally or in writing or by any other means, disseminates false reports, or makes false statements,  resulting in disruptive public order is punishable by up to three-year imprisonment and fined up to BND3,000.",2020-05-08,2020-05-08,NA,"Brunei","BRN","BN","National",0,NA,NA,"Anti-Disinformation Measures","Lockdown applies to all people",NA,"","Brunei",NA,NA,NA,NA,NA,NA,NA,NA,"Mandatory with Legal Penalties (Jail Time),Mandatory with Fines","Ministry/Department of Health",NA,NA,NA,NA,"https://thescoop.co/2020/05/01/covid-19-live-updates-3/",2020-07-12,"2020-07-12 23:10:48"
"39","R_1mQ8xoVNaqioBBGDc",9468971,"new_entry","original","NA",NA,"Health Ministry informed that whether orally or in writing or by any other means, disseminates false reports, or makes false statements,  resulting in disruptive public order is punishable by up to three-year imprisonment and fined up to BND3,000.",2020-05-08,2020-05-08,NA,"Brunei","BRN","BN","National",0,NA,NA,"Anti-Disinformation Measures","Other mass gatherings not specified above restricted",NA,"","Brunei",NA,NA,NA,NA,NA,NA,NA,NA,"Mandatory with Legal Penalties (Jail Time),Mandatory with Fines","Ministry/Department of Health",NA,NA,NA,NA,"https://thescoop.co/2020/05/01/covid-19-live-updates-3/",2020-07-12,"2020-07-12 23:10:48"
"40","R_1mQ8xoVNaqioBBGCh",9468971,"new_entry","original","NA",NA,"Health Ministry informed that whether orally or in writing or by any other means, disseminates false reports, or makes false statements,  resulting in disruptive public order is punishable by up to three-year imprisonment and fined up to BND3,000.",2020-05-08,2020-05-08,NA,"Brunei","BRN","BN","National",0,NA,NA,"Anti-Disinformation Measures","Keeping a distance of at least 6 feet or 1.5 meters apart",NA,"","Brunei",NA,NA,NA,NA,NA,NA,NA,NA,"Mandatory with Legal Penalties (Jail Time),Mandatory with Fines","Ministry/Department of Health",NA,NA,NA,NA,"https://thescoop.co/2020/05/01/covid-19-live-updates-3/",2020-07-12,"2020-07-12 23:10:48"
"41","R_1mQ8xoVNaqioBBGEi",9468971,"new_entry","original","NA",NA,"Health Ministry informed that whether orally or in writing or by any other means, disseminates false reports, or makes false statements,  resulting in disruptive public order is punishable by up to three-year imprisonment and fined up to BND3,000.",2020-05-08,2020-05-08,NA,"Brunei","BRN","BN","National",0,NA,NA,"Anti-Disinformation Measures","Restrictions on ridership of buses",NA,"","Brunei",NA,NA,NA,NA,NA,NA,NA,NA,"Mandatory with Legal Penalties (Jail Time),Mandatory with Fines","Ministry/Department of Health",NA,NA,NA,NA,"https://thescoop.co/2020/05/01/covid-19-live-updates-3/",2020-07-12,"2020-07-12 23:10:48"
"42","R_1mQ8xoVNaqioBBGEl",9468971,"new_entry","original","NA",NA,"Health Ministry informed that whether orally or in writing or by any other means, disseminates false reports, or makes false statements,  resulting in disruptive public order is punishable by up to three-year imprisonment and fined up to BND3,000.",2020-05-08,2020-05-08,NA,"Brunei","BRN","BN","National",0,NA,NA,"Anti-Disinformation Measures","Restrictions ridership of other forms of public transportation (please include details in the text entry)",NA,"","Brunei",NA,NA,NA,NA,NA,NA,NA,NA,"Mandatory with Legal Penalties (Jail Time),Mandatory with Fines","Ministry/Department of Health",NA,NA,NA,NA,"https://thescoop.co/2020/05/01/covid-19-live-updates-3/",2020-07-12,"2020-07-12 23:10:48"
"43","R_1mQ8xoVNaqioBBGAq",9468971,"new_entry","original","NA",NA,"Health Ministry informed that whether orally or in writing or by any other means, disseminates false reports, or makes false statements,  resulting in disruptive public order is punishable by up to three-year imprisonment and fined up to BND3,000.",2020-05-08,2020-05-08,NA,"Brunei","BRN","BN","National",0,NA,NA,"Anti-Disinformation Measures","82800",NA,"","Brunei",NA,NA,NA,NA,NA,NA,NA,NA,"Mandatory with Legal Penalties (Jail Time),Mandatory with Fines","Ministry/Department of Health",NA,NA,NA,NA,"https://thescoop.co/2020/05/01/covid-19-live-updates-3/",2020-07-12,"2020-07-12 23:10:48"
"44","R_1mQ8xoVNaqioBBGAd",9468971,"new_entry","original","NA",NA,"Health Ministry informed that whether orally or in writing or by any other means, disseminates false reports, or makes false statements,  resulting in disruptive public order is punishable by up to three-year imprisonment and fined up to BND3,000.",2020-05-08,2020-05-08,NA,"Brunei","BRN","BN","National",0,NA,NA,"Anti-Disinformation Measures","21600",NA,"","Brunei",NA,NA,NA,NA,NA,NA,NA,NA,"Mandatory with Legal Penalties (Jail Time),Mandatory with Fines","Ministry/Department of Health",NA,NA,NA,NA,"https://thescoop.co/2020/05/01/covid-19-live-updates-3/",2020-07-12,"2020-07-12 23:10:48"
"45","R_1mQ8xoVNaqioBBGDn",9468971,"new_entry","original","NA",NA,"Health Ministry informed that whether orally or in writing or by any other means, disseminates false reports, or makes false statements,  resulting in disruptive public order is punishable by up to three-year imprisonment and fined up to BND3,000.",2020-05-08,2020-05-08,NA,"Brunei","BRN","BN","National",0,NA,NA,"Anti-Disinformation Measures","Preschool or childcare facilities (generally for children ages 5 and below)",NA,"","Brunei",NA,NA,NA,NA,NA,NA,NA,NA,"Mandatory with Legal Penalties (Jail Time),Mandatory with Fines","Ministry/Department of Health",NA,NA,NA,NA,"https://thescoop.co/2020/05/01/covid-19-live-updates-3/",2020-07-12,"2020-07-12 23:10:48"
"46","R_1mQ8xoVNaqioBBGDp",9468971,"new_entry","original","NA",NA,"Health Ministry informed that whether orally or in writing or by any other means, disseminates false reports, or makes false statements,  resulting in disruptive public order is punishable by up to three-year imprisonment and fined up to BND3,000.",2020-05-08,2020-05-08,NA,"Brunei","BRN","BN","National",0,NA,NA,"Anti-Disinformation Measures","Primary Schools (generally for children ages 10 and below)",NA,"","Brunei",NA,NA,NA,NA,NA,NA,NA,NA,"Mandatory with Legal Penalties (Jail Time),Mandatory with Fines","Ministry/Department of Health",NA,NA,NA,NA,"https://thescoop.co/2020/05/01/covid-19-live-updates-3/",2020-07-12,"2020-07-12 23:10:48"
"47","R_1mQ8xoVNaqioBBGEn",9468971,"new_entry","original","NA",NA,"Health Ministry informed that whether orally or in writing or by any other means, disseminates false reports, or makes false statements,  resulting in disruptive public order is punishable by up to three-year imprisonment and fined up to BND3,000.",2020-05-08,2020-05-08,NA,"Brunei","BRN","BN","National",0,NA,NA,"Anti-Disinformation Measures","Secondary Schools (generally for children ages 10 to 18)",NA,"","Brunei",NA,NA,NA,NA,NA,NA,NA,NA,"Mandatory with Legal Penalties (Jail Time),Mandatory with Fines","Ministry/Department of Health",NA,NA,NA,NA,"https://thescoop.co/2020/05/01/covid-19-live-updates-3/",2020-07-12,"2020-07-12 23:10:48"
"48","R_1mQ8xoVNaqioBBGBy",9468971,"new_entry","original","NA",NA,"Health Ministry informed that whether orally or in writing or by any other means, disseminates false reports, or makes false statements,  resulting in disruptive public order is punishable by up to three-year imprisonment and fined up to BND3,000.",2020-05-08,2020-05-08,NA,"Brunei","BRN","BN","National",0,NA,NA,"Anti-Disinformation Measures","Higher education institutions (i.e. degree granting institutions)",NA,"","Brunei",NA,NA,NA,NA,NA,NA,NA,NA,"Mandatory with Legal Penalties (Jail Time),Mandatory with Fines","Ministry/Department of Health",NA,NA,NA,NA,"https://thescoop.co/2020/05/01/covid-19-live-updates-3/",2020-07-12,"2020-07-12 23:10:48"
"49","R_1mQ8xoVNaqioBBGEe",9468971,"new_entry","original","NA",NA,"Health Ministry informed that whether orally or in writing or by any other means, disseminates false reports, or makes false statements,  resulting in disruptive public order is punishable by up to three-year imprisonment and fined up to BND3,000.",2020-05-08,2020-05-08,NA,"Brunei","BRN","BN","National",0,NA,NA,"Anti-Disinformation Measures","Regulations on government meetings (including e.g. suspension of parliament)",NA,"","Brunei",NA,NA,NA,NA,NA,NA,NA,NA,"Mandatory with Legal Penalties (Jail Time),Mandatory with Fines","Ministry/Department of Health",NA,NA,NA,NA,"https://thescoop.co/2020/05/01/covid-19-live-updates-3/",2020-07-12,"2020-07-12 23:10:48"
"50","R_1mQ8xoVNaqioBBGCq",9468971,"new_entry","original","NA",NA,"Health Ministry informed that whether orally or in writing or by any other means, disseminates false reports, or makes false statements,  resulting in disruptive public order is punishable by up to three-year imprisonment and fined up to BND3,000.",2020-05-08,2020-05-08,NA,"Brunei","BRN","BN","National",0,NA,NA,"Anti-Disinformation Measures","Non-Essential Commercial Businesses",NA,"","Brunei",NA,NA,NA,NA,NA,NA,NA,NA,"Mandatory with Legal Penalties (Jail Time),Mandatory with Fines","Ministry/Department of Health",NA,NA,NA,NA,"https://thescoop.co/2020/05/01/covid-19-live-updates-3/",2020-07-12,"2020-07-12 23:10:48"
"51","R_1mQ8xoVNaqioBBGCm",9468971,"new_entry","original","NA",NA,"Health Ministry informed that whether orally or in writing or by any other means, disseminates false reports, or makes false statements,  resulting in disruptive public order is punishable by up to three-year imprisonment and fined up to BND3,000.",2020-05-08,2020-05-08,NA,"Brunei","BRN","BN","National",0,NA,NA,"Anti-Disinformation Measures","Masks",NA,"","Brunei",NA,NA,NA,NA,NA,NA,NA,NA,"Mandatory with Legal Penalties (Jail Time),Mandatory with Fines","Ministry/Department of Health",NA,NA,NA,NA,"https://thescoop.co/2020/05/01/covid-19-live-updates-3/",2020-07-12,"2020-07-12 23:10:48"
"52","R_1mQ8xoVNaqioBBGCb",9468971,"new_entry","original","NA",NA,"Health Ministry informed that whether orally or in writing or by any other means, disseminates false reports, or makes false statements,  resulting in disruptive public order is punishable by up to three-year imprisonment and fined up to BND3,000.",2020-05-08,2020-05-08,NA,"Brunei","BRN","BN","National",0,NA,NA,"Anti-Disinformation Measures","Hygiene measures for public areas",NA,"","Brunei",NA,NA,NA,NA,NA,NA,NA,NA,"Mandatory with Legal Penalties (Jail Time),Mandatory with Fines","Ministry/Department of Health",NA,NA,NA,NA,"https://thescoop.co/2020/05/01/covid-19-live-updates-3/",2020-07-12,"2020-07-12 23:10:48"
"53","R_1mQ8xoVNaqioBBGBj",9468971,"new_entry","original","NA",NA,"Health Ministry informed that whether orally or in writing or by any other means, disseminates false reports, or makes false statements,  resulting in disruptive public order is punishable by up to three-year imprisonment and fined up to BND3,000.",2020-05-08,2020-05-08,NA,"Brunei","BRN","BN","National",0,NA,NA,"Anti-Disinformation Measures","Disseminating information related to COVID-19 to the public that is reliable and factually accurate",NA,"","Brunei",NA,NA,NA,NA,NA,NA,NA,NA,"Mandatory with Legal Penalties (Jail Time),Mandatory with Fines","Ministry/Department of Health",NA,NA,NA,NA,"https://thescoop.co/2020/05/01/covid-19-live-updates-3/",2020-07-12,"2020-07-12 23:10:48"
"54","R_1mQ8xoVNaqioBBGCp",9468971,"new_entry","original","NA",NA,"Health Ministry informed that whether orally or in writing or by any other means, disseminates false reports, or makes false statements,  resulting in disruptive public order is punishable by up to three-year imprisonment and fined up to BND3,000.",2020-05-08,2020-05-08,NA,"Brunei","BRN","BN","National",0,NA,NA,"Anti-Disinformation Measures","New Task Force or Bureau (i.e. establishment of a temporary body)",NA,"","Brunei",NA,NA,NA,NA,NA,NA,NA,NA,"Mandatory with Legal Penalties (Jail Time),Mandatory with Fines","Ministry/Department of Health",NA,NA,NA,NA,"https://thescoop.co/2020/05/01/covid-19-live-updates-3/",2020-07-12,"2020-07-12 23:10:48"
"55","R_2ASUMprEgyabm74Dn",1531726,"new_entry","original","NA",NA,"school term break in Brunei is moved up",2020-02-10,2020-03-11,NA,"Brunei","BRN","BN","National",1,NA,NA,"Closure and Regulation of Schools","Preschool or childcare facilities (generally for children ages 5 and below)",NA,"Preschool or childcare facilities closed/locked down","Brunei",NA,NA,NA,NA,NA,"All Residents (Citizen Residents + Foreign Residents)",NA,NA,"Mandatory (Unspecified/Implied)","National Government,Other (Please specify in the text box)",52.2339095452717,51.3417526954665,50.405490372074,145,"https://www.straitstimes.com/asia/se-asia/coronavirus-brunei-reports-5-more-cases-bringing-total-to-six",2020-04-06,"2020-04-06 21:41:58"
"56","R_2ASUMprEgyabm74Dp",1531726,"new_entry","original","NA",NA,"school term break in Brunei is moved up",2020-02-10,2020-03-11,NA,"Brunei","BRN","BN","National",1,NA,NA,"Closure and Regulation of Schools","Primary Schools (generally for children ages 10 and below)",NA,"Primary Schools closed/locked down","Brunei",NA,NA,NA,NA,NA,"All Residents (Citizen Residents + Foreign Residents)",NA,NA,"Mandatory (Unspecified/Implied)","National Government,Other (Please specify in the text box)",52.2339095452717,51.3417526954665,50.405490372074,145,"https://www.straitstimes.com/asia/se-asia/coronavirus-brunei-reports-5-more-cases-bringing-total-to-six",2020-04-06,"2020-04-06 21:41:58"
"57","R_2ASUMprEgyabm74En",1531726,"new_entry","original","NA",NA,"school term break in Brunei is moved up",2020-02-10,2020-03-11,NA,"Brunei","BRN","BN","National",1,NA,NA,"Closure and Regulation of Schools","Secondary Schools (generally for children ages 10 to 18)",NA,"Secondary Schools closed/locked down","Brunei",NA,NA,NA,NA,NA,"All Residents (Citizen Residents + Foreign Residents)",NA,NA,"Mandatory (Unspecified/Implied)","National Government,Other (Please specify in the text box)",52.2339095452717,51.3417526954665,50.405490372074,145,"https://www.straitstimes.com/asia/se-asia/coronavirus-brunei-reports-5-more-cases-bringing-total-to-six",2020-04-06,"2020-04-06 21:41:58"
"58","R_2ASUMprEgyabm74By",1531726,"new_entry","original","NA",NA,"school term break in Brunei is moved up",2020-02-10,2020-03-11,NA,"Brunei","BRN","BN","National",1,NA,NA,"Closure and Regulation of Schools","Higher education institutions (i.e. degree granting institutions)",NA,"Higher education institutions closed/locked down","Brunei",NA,NA,NA,NA,NA,"All Residents (Citizen Residents + Foreign Residents)",NA,NA,"Mandatory (Unspecified/Implied)","National Government,Other (Please specify in the text box)",52.2339095452717,51.3417526954665,50.405490372074,145,"https://www.straitstimes.com/asia/se-asia/coronavirus-brunei-reports-5-more-cases-bringing-total-to-six",2020-04-06,"2020-04-06 21:41:58"
"59","R_6tiSkDaNnsYmeidDn",4707216,"new_entry","original","NA",NA,"Brunei Universities suspend classroom learning",2020-03-13,2020-03-13,NA,"Brunei","BRN","BN","National",1,NA,NA,"Closure and Regulation of Schools","Preschool or childcare facilities (generally for children ages 5 and below)",NA,"Preschool or childcare facilities closed/locked down","Brunei",NA,NA,NA,NA,NA,"All Residents (Citizen Residents + Foreign Residents)",NA,NA,"Mandatory (Unspecified/Implied)","National Government",52.8039454003825,51.868827687387,50.7354400288677,148,"https://thescoop.co/2020/03/13/covid-19-cases-more-than-double-to-reach-25/",2020-04-08,"2020-04-08 23:01:48"
"60","R_6tiSkDaNnsYmeidDp",4707216,"new_entry","original","NA",NA,"Brunei Universities suspend classroom learning",2020-03-13,2020-03-13,NA,"Brunei","BRN","BN","National",1,NA,NA,"Closure and Regulation of Schools","Primary Schools (generally for children ages 10 and below)",NA,"Primary Schools closed/locked down","Brunei",NA,NA,NA,NA,NA,"All Residents (Citizen Residents + Foreign Residents)",NA,NA,"Mandatory (Unspecified/Implied)","National Government",52.8039454003825,51.868827687387,50.7354400288677,148,"https://thescoop.co/2020/03/13/covid-19-cases-more-than-double-to-reach-25/",2020-04-08,"2020-04-08 23:01:48"
"61","R_6tiSkDaNnsYmeidEn",4707216,"new_entry","original","NA",NA,"Brunei Universities suspend classroom learning",2020-03-13,2020-03-13,NA,"Brunei","BRN","BN","National",1,NA,NA,"Closure and Regulation of Schools","Secondary Schools (generally for children ages 10 to 18)",NA,"Secondary Schools closed/locked down","Brunei",NA,NA,NA,NA,NA,"All Residents (Citizen Residents + Foreign Residents)",NA,NA,"Mandatory (Unspecified/Implied)","National Government",52.8039454003825,51.868827687387,50.7354400288677,148,"https://thescoop.co/2020/03/13/covid-19-cases-more-than-double-to-reach-25/",2020-04-08,"2020-04-08 23:01:48"
"62","R_6tiSkDaNnsYmeidBy",4707216,"new_entry","original","NA",NA,"Brunei Universities suspend classroom learning",2020-03-13,2020-03-13,NA,"Brunei","BRN","BN","National",1,NA,NA,"Closure and Regulation of Schools","Higher education institutions (i.e. degree granting institutions)",NA,"Higher education institutions closed/locked down","Brunei",NA,NA,NA,NA,NA,"All Residents (Citizen Residents + Foreign Residents)",NA,NA,"Mandatory (Unspecified/Implied)","National Government",52.8039454003825,51.868827687387,50.7354400288677,148,"https://thescoop.co/2020/03/13/covid-19-cases-more-than-double-to-reach-25/",2020-04-08,"2020-04-08 23:01:48"
"63","R_57JAJ549auWarHbDn",4707216,"update","original","NA","Strengthening","All Bruneian' schools and universities to move classes online",2020-03-25,2020-03-29,NA,"Brunei","BRN","BN","National",0,NA,NA,"Closure and Regulation of Schools","Preschool or childcare facilities (generally for children ages 5 and below)",NA,"Preschool or childcare facilities closed/locked down","Brunei",NA,NA,NA,NA,NA,"Other",NA,NA,"Mandatory (Unspecified/Implied)","National Government",57.0899711820779,54.2678593786475,51.0629338013297,173,"https://thescoop.co/2020/03/13/covid-19-live-updates/",2020-04-21,"2020-04-21 21:53:22"
"64","R_57JAJ549auWarHbDp",4707216,"update","original","NA","Strengthening","All Bruneian' schools and universities to move classes online",2020-03-25,2020-03-29,NA,"Brunei","BRN","BN","National",0,NA,NA,"Closure and Regulation of Schools","Primary Schools (generally for children ages 10 and below)",NA,"Primary Schools closed/locked down","Brunei",NA,NA,NA,NA,NA,"Other",NA,NA,"Mandatory (Unspecified/Implied)","National Government",57.0899711820779,54.2678593786475,51.0629338013297,173,"https://thescoop.co/2020/03/13/covid-19-live-updates/",2020-04-21,"2020-04-21 21:53:22"
"65","R_57JAJ549auWarHbEn",4707216,"update","original","NA","Strengthening","All Bruneian' schools and universities to move classes online",2020-03-25,2020-03-29,NA,"Brunei","BRN","BN","National",0,NA,NA,"Closure and Regulation of Schools","Secondary Schools (generally for children ages 10 to 18)",NA,"Secondary Schools closed/locked down","Brunei",NA,NA,NA,NA,NA,"Other",NA,NA,"Mandatory (Unspecified/Implied)","National Government",57.0899711820779,54.2678593786475,51.0629338013297,173,"https://thescoop.co/2020/03/13/covid-19-live-updates/",2020-04-21,"2020-04-21 21:53:22"
"66","R_57JAJ549auWarHbBy",4707216,"update","original","NA","Strengthening","All Bruneian' schools and universities to move classes online",2020-03-25,2020-03-29,NA,"Brunei","BRN","BN","National",0,NA,NA,"Closure and Regulation of Schools","Higher education institutions (i.e. degree granting institutions)",NA,"Higher education institutions closed/locked down","Brunei",NA,NA,NA,NA,NA,"Other",NA,NA,"Mandatory (Unspecified/Implied)","National Government",57.0899711820779,54.2678593786475,51.0629338013297,173,"https://thescoop.co/2020/03/13/covid-19-live-updates/",2020-04-21,"2020-04-21 21:53:22"
"67","R_2s0e2qxAG84qpbNDn",810420,"new_entry","original","NA",NA,"Finance and the economy minister said the use of the contact tracing app will extended to schools once they reopen.",2020-05-07,2020-05-07,NA,"Brunei","BRN","BN","National",1,NA,NA,"Closure and Regulation of Schools","Preschool or childcare facilities (generally for children ages 5 and below)",NA,"","Brunei",NA,NA,NA,NA,NA,"All Residents (Citizen Residents + Foreign Residents)",NA,NA,"Mandatory (Unspecified/Implied)","Other (Please specify in the text box)",NA,NA,NA,NA,"https://thescoop.co/2020/05/01/covid-19-live-updates-3/",2020-07-12,"2020-07-12 21:25:40"
"68","R_2s0e2qxAG84qpbNDp",810420,"new_entry","original","NA",NA,"Finance and the economy minister said the use of the contact tracing app will extended to schools once they reopen.",2020-05-07,2020-05-07,NA,"Brunei","BRN","BN","National",1,NA,NA,"Closure and Regulation of Schools","Primary Schools (generally for children ages 10 and below)",NA,"","Brunei",NA,NA,NA,NA,NA,"All Residents (Citizen Residents + Foreign Residents)",NA,NA,"Mandatory (Unspecified/Implied)","Other (Please specify in the text box)",NA,NA,NA,NA,"https://thescoop.co/2020/05/01/covid-19-live-updates-3/",2020-07-12,"2020-07-12 21:25:40"
"69","R_2s0e2qxAG84qpbNEn",810420,"new_entry","original","NA",NA,"Finance and the economy minister said the use of the contact tracing app will extended to schools once they reopen.",2020-05-07,2020-05-07,NA,"Brunei","BRN","BN","National",1,NA,NA,"Closure and Regulation of Schools","Secondary Schools (generally for children ages 10 to 18)",NA,"","Brunei",NA,NA,NA,NA,NA,"All Residents (Citizen Residents + Foreign Residents)",NA,NA,"Mandatory (Unspecified/Implied)","Other (Please specify in the text box)",NA,NA,NA,NA,"https://thescoop.co/2020/05/01/covid-19-live-updates-3/",2020-07-12,"2020-07-12 21:25:40"
"70","R_2s0e2qxAG84qpbNBy",810420,"new_entry","original","NA",NA,"Finance and the economy minister said the use of the contact tracing app will extended to schools once they reopen.",2020-05-07,2020-05-07,NA,"Brunei","BRN","BN","National",1,NA,NA,"Closure and Regulation of Schools","Higher education institutions (i.e. degree granting institutions)",NA,"","Brunei",NA,NA,NA,NA,NA,"All Residents (Citizen Residents + Foreign Residents)",NA,NA,"Mandatory (Unspecified/Implied)","Other (Please specify in the text box)",NA,NA,NA,NA,"https://thescoop.co/2020/05/01/covid-19-live-updates-3/",2020-07-12,"2020-07-12 21:25:40"
"71","R_T4LleYVkFoey29HDn",9161672,"new_entry","original","NA",NA,"Brunei will restart in-school learning on June 2 for students who are sitting for public exams. Students in Year 6, 8, 10 Express, 11, 12 and 13 will be the first group to return to schools in the first phase of reopening, while other pupils will continue with online lessons. Teachers will conduct face-to-face learning from June 2-13 in the first phase of school reopening, after which the education ministry will decide whether to expand the number of returning students in the next phase.",2020-05-21,2020-06-02,2020-06-13,"Brunei","BRN","BN","National",1,NA,NA,"Closure and Regulation of Schools","Preschool or childcare facilities (generally for children ages 5 and below)",NA,"","Brunei",NA,NA,NA,NA,NA,"All Residents (Citizen Residents + Foreign Residents)",NA,NA,"Mandatory with Exceptions (Please list exceptions in the text entry)","National Government,Other (Please specify in the text box)",NA,NA,NA,NA,"https://thescoop.co/2020/05/21/brunei-partially-reopens-schools-on-june-2-as-coronavirus-concerns-ease/",2020-09-24,"2020-09-24 13:48:00"
"72","R_T4LleYVkFoey29HDp",9161672,"new_entry","original","NA",NA,"Brunei will restart in-school learning on June 2 for students who are sitting for public exams. Students in Year 6, 8, 10 Express, 11, 12 and 13 will be the first group to return to schools in the first phase of reopening, while other pupils will continue with online lessons. Teachers will conduct face-to-face learning from June 2-13 in the first phase of school reopening, after which the education ministry will decide whether to expand the number of returning students in the next phase.",2020-05-21,2020-06-02,2020-06-13,"Brunei","BRN","BN","National",1,NA,NA,"Closure and Regulation of Schools","Primary Schools (generally for children ages 10 and below)",NA,"","Brunei",NA,NA,NA,NA,NA,"All Residents (Citizen Residents + Foreign Residents)",NA,NA,"Mandatory with Exceptions (Please list exceptions in the text entry)","National Government,Other (Please specify in the text box)",NA,NA,NA,NA,"https://thescoop.co/2020/05/21/brunei-partially-reopens-schools-on-june-2-as-coronavirus-concerns-ease/",2020-09-24,"2020-09-24 13:48:00"
"73","R_T4LleYVkFoey29HEn",9161672,"new_entry","original","NA",NA,"Brunei will restart in-school learning on June 2 for students who are sitting for public exams. Students in Year 6, 8, 10 Express, 11, 12 and 13 will be the first group to return to schools in the first phase of reopening, while other pupils will continue with online lessons. Teachers will conduct face-to-face learning from June 2-13 in the first phase of school reopening, after which the education ministry will decide whether to expand the number of returning students in the next phase.",2020-05-21,2020-06-02,2020-06-13,"Brunei","BRN","BN","National",1,NA,NA,"Closure and Regulation of Schools","Secondary Schools (generally for children ages 10 to 18)",NA,"Secondary Schools allowed to open with conditions","Brunei",NA,NA,NA,NA,NA,"All Residents (Citizen Residents + Foreign Residents)",NA,NA,"Mandatory with Exceptions (Please list exceptions in the text entry)","National Government,Other (Please specify in the text box)",NA,NA,NA,NA,"https://thescoop.co/2020/05/21/brunei-partially-reopens-schools-on-june-2-as-coronavirus-concerns-ease/",2020-09-24,"2020-09-24 13:48:00"
"74","R_T4LleYVkFoey29HBy",9161672,"new_entry","original","NA",NA,"Brunei will restart in-school learning on June 2 for students who are sitting for public exams. Students in Year 6, 8, 10 Express, 11, 12 and 13 will be the first group to return to schools in the first phase of reopening, while other pupils will continue with online lessons. Teachers will conduct face-to-face learning from June 2-13 in the first phase of school reopening, after which the education ministry will decide whether to expand the number of returning students in the next phase.",2020-05-21,2020-06-02,2020-06-13,"Brunei","BRN","BN","National",1,NA,NA,"Closure and Regulation of Schools","Higher education institutions (i.e. degree granting institutions)",NA,"Higher education institutions allowed to open with conditions","Brunei",NA,NA,NA,NA,NA,"All Residents (Citizen Residents + Foreign Residents)",NA,NA,"Mandatory with Exceptions (Please list exceptions in the text entry)","National Government,Other (Please specify in the text box)",NA,NA,NA,NA,"https://thescoop.co/2020/05/21/brunei-partially-reopens-schools-on-june-2-as-coronavirus-concerns-ease/",2020-09-24,"2020-09-24 13:48:00"
"75","R_2UfnlFa339myNDpDn",4051694,"new_entry","original","NA",NA,"Nursery, primary students in Brunei return to schools from June 18 in second phase of reopening, with safe distancing measures in place. 
",2020-06-16,2020-06-18,NA,"Brunei","BRN","BN","National",1,NA,NA,"Closure and Regulation of Schools","Preschool or childcare facilities (generally for children ages 5 and below)",NA,"Preschool or childcare facilities allowed to open with conditions","Brunei",NA,NA,NA,NA,NA,"All Residents (Citizen Residents + Foreign Residents)",NA,NA,"Mandatory (Unspecified/Implied)","National Government,Ministry/Department of Health,Other (Please specify in the text box)",NA,NA,NA,NA,"https://thescoop.co/2020/06/01/covid-19-live-updates-4/",2020-09-24,"2020-09-24 15:50:05"
"76","R_2UfnlFa339myNDpDp",4051694,"new_entry","original","NA",NA,"Nursery, primary students in Brunei return to schools from June 18 in second phase of reopening, with safe distancing measures in place. 
",2020-06-16,2020-06-18,NA,"Brunei","BRN","BN","National",1,NA,NA,"Closure and Regulation of Schools","Primary Schools (generally for children ages 10 and below)",NA,"Primary Schools allowed to open with conditions","Brunei",NA,NA,NA,NA,NA,"All Residents (Citizen Residents + Foreign Residents)",NA,NA,"Mandatory (Unspecified/Implied)","National Government,Ministry/Department of Health,Other (Please specify in the text box)",NA,NA,NA,NA,"https://thescoop.co/2020/06/01/covid-19-live-updates-4/",2020-09-24,"2020-09-24 15:50:05"
"77","R_2UfnlFa339myNDpEn",4051694,"new_entry","original","NA",NA,"Nursery, primary students in Brunei return to schools from June 18 in second phase of reopening, with safe distancing measures in place. 
",2020-06-16,2020-06-18,NA,"Brunei","BRN","BN","National",1,NA,NA,"Closure and Regulation of Schools","Secondary Schools (generally for children ages 10 to 18)",NA,"","Brunei",NA,NA,NA,NA,NA,"All Residents (Citizen Residents + Foreign Residents)",NA,NA,"Mandatory (Unspecified/Implied)","National Government,Ministry/Department of Health,Other (Please specify in the text box)",NA,NA,NA,NA,"https://thescoop.co/2020/06/01/covid-19-live-updates-4/",2020-09-24,"2020-09-24 15:50:05"
"78","R_2UfnlFa339myNDpBy",4051694,"new_entry","original","NA",NA,"Nursery, primary students in Brunei return to schools from June 18 in second phase of reopening, with safe distancing measures in place. 
",2020-06-16,2020-06-18,NA,"Brunei","BRN","BN","National",1,NA,NA,"Closure and Regulation of Schools","Higher education institutions (i.e. degree granting institutions)",NA,"","Brunei",NA,NA,NA,NA,NA,"All Residents (Citizen Residents + Foreign Residents)",NA,NA,"Mandatory (Unspecified/Implied)","National Government,Ministry/Department of Health,Other (Please specify in the text box)",NA,NA,NA,NA,"https://thescoop.co/2020/06/01/covid-19-live-updates-4/",2020-09-24,"2020-09-24 15:50:05"
"79","R_3oyBWcMY8V23gnmDn",9161672,"update","original","Change of Policy","Relaxing","Brunei will restart in-school learning on June 2 for students who are sitting for public exams. Students in Year 6, 8, 10 Express, 11, 12 and 13 will be the first group to return to schools in the first phase of reopening, while other pupils will continue with online lessons. Teachers will conduct face-to-face learning from June 2-13 in the first phase of school reopening, after which the education ministry will decide whether to expand the number of returning students in the next phase.

All students are still expected to continue e-learning despite starting in-school classes, with schools determining the number of virtual learning days.
",2020-07-01,2020-07-04,2020-06-13,"Brunei","BRN","BN","National",0,NA,NA,"Closure and Regulation of Schools","Preschool or childcare facilities (generally for children ages 5 and below)",NA,"","Brunei",NA,NA,NA,NA,NA,"All Residents (Citizen Residents +Foreign Residents)",NA,NA,"Mandatory with Exceptions (Please list exceptions in the text entry)","National Government,Other (Please specify in the text box)",NA,NA,NA,NA,"https://thescoop.co/2020/05/21/brunei-partially-reopens-schools-on-june-2-as-coronavirus-concerns-ease/",2020-09-26,"2020-09-26 03:56:02"
"80","R_3oyBWcMY8V23gnmDp",9161672,"update","original","Change of Policy","Relaxing","Brunei will restart in-school learning on June 2 for students who are sitting for public exams. Students in Year 6, 8, 10 Express, 11, 12 and 13 will be the first group to return to schools in the first phase of reopening, while other pupils will continue with online lessons. Teachers will conduct face-to-face learning from June 2-13 in the first phase of school reopening, after which the education ministry will decide whether to expand the number of returning students in the next phase.

All students are still expected to continue e-learning despite starting in-school classes, with schools determining the number of virtual learning days.
",2020-07-01,2020-07-04,2020-06-13,"Brunei","BRN","BN","National",0,NA,NA,"Closure and Regulation of Schools","Primary Schools (generally for children ages 10 and below)",NA,"","Brunei",NA,NA,NA,NA,NA,"All Residents (Citizen Residents +Foreign Residents)",NA,NA,"Mandatory with Exceptions (Please list exceptions in the text entry)","National Government,Other (Please specify in the text box)",NA,NA,NA,NA,"https://thescoop.co/2020/05/21/brunei-partially-reopens-schools-on-june-2-as-coronavirus-concerns-ease/",2020-09-26,"2020-09-26 03:56:02"
"81","R_3oyBWcMY8V23gnmEn",9161672,"update","original","Change of Policy","Relaxing","Brunei will restart in-school learning on June 2 for students who are sitting for public exams. Students in Year 6, 8, 10 Express, 11, 12 and 13 will be the first group to return to schools in the first phase of reopening, while other pupils will continue with online lessons. Teachers will conduct face-to-face learning from June 2-13 in the first phase of school reopening, after which the education ministry will decide whether to expand the number of returning students in the next phase.

All students are still expected to continue e-learning despite starting in-school classes, with schools determining the number of virtual learning days.
",2020-07-01,2020-07-04,2020-06-13,"Brunei","BRN","BN","National",0,NA,NA,"Closure and Regulation of Schools","Secondary Schools (generally for children ages 10 to 18)",NA,"Secondary Schools allowed to open with conditions","Brunei",NA,NA,NA,NA,NA,"All Residents (Citizen Residents +Foreign Residents)",NA,NA,"Mandatory with Exceptions (Please list exceptions in the text entry)","National Government,Other (Please specify in the text box)",NA,NA,NA,NA,"https://thescoop.co/2020/05/21/brunei-partially-reopens-schools-on-june-2-as-coronavirus-concerns-ease/",2020-09-26,"2020-09-26 03:56:02"
"82","R_3oyBWcMY8V23gnmBy",9161672,"update","original","Change of Policy","Relaxing","Brunei will restart in-school learning on June 2 for students who are sitting for public exams. Students in Year 6, 8, 10 Express, 11, 12 and 13 will be the first group to return to schools in the first phase of reopening, while other pupils will continue with online lessons. Teachers will conduct face-to-face learning from June 2-13 in the first phase of school reopening, after which the education ministry will decide whether to expand the number of returning students in the next phase.

All students are still expected to continue e-learning despite starting in-school classes, with schools determining the number of virtual learning days.
",2020-07-01,2020-07-04,2020-06-13,"Brunei","BRN","BN","National",0,NA,NA,"Closure and Regulation of Schools","Higher education institutions (i.e. degree granting institutions)",NA,"Higher education institutions allowed to open with conditions","Brunei",NA,NA,NA,NA,NA,"All Residents (Citizen Residents +Foreign Residents)",NA,NA,"Mandatory with Exceptions (Please list exceptions in the text entry)","National Government,Other (Please specify in the text box)",NA,NA,NA,NA,"https://thescoop.co/2020/05/21/brunei-partially-reopens-schools-on-june-2-as-coronavirus-concerns-ease/",2020-09-26,"2020-09-26 03:56:02"
"83","R_1q2O6AXkqrqzSqgDg",5207876,"new_entry","original","NA",NA,"Bruneian citizens and residents are not allowed to travel to Hubei",2020-01-30,2020-01-30,NA,"Brunei","BRN","BN","National",0,NA,NA,"External Border Restrictions",NA,NA,"","China","One or more geographical or administrative units within one or more countries",NA,"Hubei",NA,NA,"Other","Outbound","All kinds of transport","Mandatory (Unspecified/Implied)","National Government,Ministry/Department of Health,Other (Please specify in the text box)",50.7816233940043,49.466570175243,48.1778828211939,186,"https://www.thebruneian.news/coronavirus-brunei-limits-entry-for-china-visitors/",2020-04-03,"2020-04-03 14:32:04"
"84","R_3nlz268k3GsG1o8Dg",5782357,"new_entry","correction","NA",NA,"Brunei forbids entry for Hubei region visitors",2020-01-30,2020-01-30,NA,"Brunei","BRN","BN","National",0,NA,NA,"External Border Restrictions",NA,NA,"","China","One or more geographical or administrative units within one or more countries",NA,"Hubei",NA,NA,"Foreign Travelers","Inbound","All kinds of transport","Mandatory (Unspecified/Implied)","National Government,Ministry/Department of Health,Other (Please specify in the text box)",50.7816233940043,49.466570175243,48.1778828211939,186,"https://www.thebruneian.news/coronavirus-brunei-limits-entry-for-china-visitors/",2020-04-03,"2020-04-03 14:06:25"
"85","R_RCVUQcTEL2otqkpDg",706537,"new_entry","original","NA",NA,"Brunei denies official government visits to China and visits by government-linked companies to China",2020-01-30,2020-01-30,NA,"Brunei","BRN","BN","National",0,NA,NA,"External Border Restrictions",NA,NA,"","China","One or more countries, but not all countries",NA,NA,NA,NA,"Other","Outbound","All kinds of transport","Mandatory (Unspecified/Implied)","National Government,Ministry/Department of Health,Provincial/State Government,Municipal Government",50.7816233940043,49.466570175243,48.1778828211939,186,"https://thescoop.co/2020/01/30/brunei-bans-entry-of-visitors-with-recent-hubei-travel-history/",2020-04-06,"2020-04-06 21:22:41"
"86","R_cNP8IjxBGfRJ2mdDg",7045744,"new_entry","original","NA",NA,"Brunei urges citizens to postpone unnecessary travel abroad",2020-03-05,2020-03-05,NA,"Brunei","BRN","BN","National",0,NA,NA,"External Border Restrictions",NA,NA,"","All countries","All countries",NA,NA,NA,NA,"All Citizens (Citizen Residents + Citizen Travelers)","Outbound","All kinds of transport","Voluntary/Recommended but No Penalties","National Government,Ministry/Department of Health",51.9086603943533,50.7749926234184,49.4892139149641,151,"https://thescoop.co/2020/03/06/brunei-bans-entry-of-visitors-from-iran-italy-over-covid-19-fears/",2020-04-07,"2020-04-07 20:42:32"
"87","R_2qwJUauyzclwFoPDg",5782357,"update","original","NA",NA,"Brunei bans entry of visitors from Iran and Italy",2020-03-05,2020-03-05,NA,"Brunei","BRN","BN","National",0,NA,NA,"External Border Restrictions",NA,NA,"","Iran,Italy","One or more countries, but not all countries",NA,"Hubei",NA,NA,"Foreign Travelers","Inbound","All kinds of transport","Mandatory (Unspecified/Implied)","National Government,Ministry/Department of Health",51.9086603943533,50.7749926234184,49.4892139149641,151,"https://thescoop.co/2020/03/06/brunei-bans-entry-of-visitors-from-iran-italy-over-covid-19-fears/",2020-04-07,"2020-04-07 20:26:58"
"88","R_2QngaYfscHe5vFPDg",5207876,"update","original","NA","Strengthening","Brunei decides that its citizens and foreign residents in the country are barred from leaving Brunei",2020-03-15,2020-03-15,NA,"Brunei","BRN","BN","National",0,NA,NA,"External Border Restrictions",NA,NA,"","China","One or more geographical or administrative units within one or more countries",NA,"Hubei",NA,NA,"All Residents (Citizen Residents +Foreign Residents)","Outbound","All kinds of transport","Mandatory (Unspecified/Implied)","National Government",53.7773990171155,52.2175022374022,50.7458103635616,144,"https://web.archive.org/web/20200317093728/https://www.thestar.com.my/news/regional/2020/03/15/brunei-bars-residents-from-leaving-as-coronavirus-cases-reach-50-update",2020-04-09,"2020-04-09 09:54:32"
"89","R_u2hOWPsdjKgU7aFDg",5207876,"update","correction","NA","Strengthening","Brunei decides that its citizens and foreign residents in the country are barred from leaving Brunei
",2020-03-16,2020-03-17,NA,"Brunei","BRN","BN","National",0,NA,NA,"External Border Restrictions",NA,NA,"","Brunei","One or more countries, but not all countries",NA,"Hubei",NA,NA,"All Residents (Citizen Residents +Foreign Residents)","Outbound","All kinds of transport","Mandatory (Unspecified/Implied)","National Government",54.3205538622815,52.5389491221421,50.7944855590366,141,"https://thescoop.co/2020/03/13/covid-19-live-updates/3/",2020-04-09,"2020-04-09 21:31:31"
"90","R_3Jq3rwHy6I4tBIDDg",5782357,"update","original","NA","Strengthening","Foreign visitors who have been to Europe and Iran are forbidden to enter Brunei",2020-03-17,2020-03-17,NA,"Brunei","BRN","BN","National",0,NA,NA,"External Border Restrictions",NA,NA,"","Iran,Italy","One or more countries, but not all countries",NA,"Hubei",NA,NA,"Foreign Travelers","Inbound","All kinds of transport","Mandatory (Unspecified/Implied)","National Government,Ministry/Department of Health",54.3205538622815,52.5389491221421,50.7944855590366,141,"https://thescoop.co/2020/03/13/covid-19-live-updates/3/",2020-04-09,"2020-04-09 21:47:49"
"91","R_1LwCG9a3uWwVwdlDg",5782357,"update","original","NA","Strengthening","Brunei shuts borders to all foreigners from March 24",2020-03-23,2020-03-23,NA,"Brunei","BRN","BN","National",0,NA,NA,"External Border Restrictions",NA,NA,"","Iran,Italy","One or more countries, but not all countries",NA,"Hubei",NA,NA,"All Foreign Nationals (Foreign Residents + Foreign Travelers)","Inbound","All kinds of transport","Mandatory (Unspecified/Implied)","National Government,Other (Please specify in the text box)",55.8162451844638,54.1530288145438,52.655385160594,179,"https://thescoop.co/2020/03/13/covid-19-live-updates/2/",2020-04-16,"2020-04-16 21:59:08"
"92","R_31tPfvdIjZ15jt2Dg",384712,"new_entry","original","NA",NA,"Brunei Officials have barred local nationals, permanent residents, and foreigners holding Bruneian identification cards from leaving the country from May 19.",2020-05-19,2020-05-19,NA,"Brunei","BRN","BN","National",0,NA,NA,"External Border Restrictions",NA,NA,"","Brunei","One or more geographical or administrative units within one or more countries",NA,NA,NA,NA,"All Residents (Citizen Residents +Foreign Residents)","Outbound","All kinds of transport","Mandatory with Exceptions (Please list exceptions in the text entry)","National Government,Ministry/Department of Health,Ministry/Department of Foreign Affairs,Police,New (COVID-19 specific) Task Force",NA,NA,NA,NA,"https://www.worldaware.com/covid-19-alert-brunei-eases-some-business-public-facilities-restrictions-may-19",2020-09-24,"2020-09-24 12:57:40"
"93","R_31oewXHBC5N9ezUDg",6234080,"new_entry","original","NA",NA,"Only foreigners whose work relates to matters of national interest, such as transporting essential goods, can enter Brunei from 19 May onwards. All arriving travellers will undergo a 14-day quarantine at designated facilities.",2020-05-19,2020-05-19,NA,"Brunei","BRN","BN","National",0,NA,NA,"External Border Restrictions",NA,NA,"","Brunei","All countries",NA,NA,NA,NA,"Foreign Travelers","Inbound","All kinds of transport","Mandatory (Unspecified/Implied)","National Government,Ministry/Department of Health,Police,New (COVID-19 specific) Task Force",NA,NA,NA,NA,"https://www.worldaware.com/covid-19-alert-brunei-eases-some-business-public-facilities-restrictions-may-19",2020-09-24,"2020-09-24 12:49:31"
"94","R_2rkJI1uigHp9gWwDg",9357464,"new_entry","original","NA",NA,"The religious affairs minister has announced that Brunei will not be sending 1,000 of its Haj pilgrims to Mecca this year due to COVID-19 pandemic on 10 June.",2020-06-10,2020-06-10,NA,"Brunei","BRN","BN","National",0,NA,NA,"External Border Restrictions",NA,NA,"","Brunei","One or more regional groupings","Middle East",NA,NA,NA,"All Residents (Citizen Residents +Foreign Residents)","Outbound","All kinds of transport","Mandatory (Unspecified/Implied)","National Government,Ministry/Department of Health,Ministry/Department of Foreign Affairs",NA,NA,NA,NA,"https://thescoop.co/2020/06/01/covid-19-live-updates-4/",2020-09-24,"2020-09-24 15:08:25"
"95","R_1roTtl1JnVMxfRWDg",8956245,"new_entry","original","NA",NA,"Brunei and Singapore agreed on 'green lane' for official and business travels",2020-09-01,2020-09-01,NA,"Brunei","BRN","BN","National",0,NA,NA,"External Border Restrictions",NA,NA,"","Brunei","One or more countries and one or more regional groupings","ASEAN Countries",NA,NA,NA,"Foreign Travelers","Inbound/Outbound","Flights","Mandatory (Unspecified/Implied)","National Government,Ministry/Department of Health,Ministry/Department of Foreign Affairs",NA,NA,NA,NA,"https://www.channelnewsasia.com/news/singapore/singapore-brunei-green-lane-travel-covid-19-13071136",2020-09-29,"2020-09-29 03:55:04"
"96","R_1jx08bnnTMeDfQ7Dg",5359654,"update","original","NA","Strengthening","Brunei integrates online reporting tool, which will assist the health ministry with contact tracing in the COVID information webpage",2020-04-01,2020-04-02,NA,"Brunei","BRN","BN","National",0,NA,NA,"Health Monitoring",NA,NA,"",NA,NA,NA,NA,NA,NA,"Health-Related Supplies",NA,NA,"Voluntary/Recommended but No Penalties","National Government,Other (Please specify in the text box)",57.4230724496198,54.2356632546621,51.0787110719792,170,"https://thescoop.co/2020/03/13/covid-19-live-updates/",2020-04-26,"2020-04-26 23:32:39"
"97","R_2pQUnc0WHH13N7iDg",8794648,"new_entry","original","NA",NA,"In Brunei, tracking bracelets named iMSafe have been issued to those who were ordered to undergo quarantine, alerting authorities when the device is taken off or if wearers break their COVID-19 quarantine.

The health ministry said the iMSafe wristband enables authorities to remotely monitor and locate people who are placed under quarantine in real-time.
",2020-04-30,2020-04-30,NA,"Brunei","BRN","BN","National",0,NA,NA,"Health Monitoring",NA,NA,"","Brunei",NA,NA,NA,NA,NA,NA,NA,NA,"Mandatory (Unspecified/Implied)","National Government",NA,NA,NA,NA,"https://thescoop.co/2020/04/04/covid-19-live-updates-2/",2020-06-19,"2020-06-19 14:45:11"
"98","R_3oBYXYFkhtB4dDIDg",6052510,"new_entry","original","NA",NA,"In Brunei requiring all recovered patients to take the swab test again 11 days after they have been discharged.",2020-05-01,2020-05-01,NA,"Brunei","BRN","BN","National",0,NA,NA,"Health Monitoring",NA,NA,"","Brunei",NA,NA,NA,NA,NA,NA,NA,NA,"Mandatory (Unspecified/Implied)","Ministry/Department of Health",NA,NA,NA,NA,"https://thescoop.co/2020/05/01/covid-19-live-updates-3/",2020-07-04,"2020-07-04 09:22:12"
"99","R_5bCkm3s8GCEYNu9Dg",7731833,"new_entry","original","NA",NA,"The Ministry of Health  in  relation  to the  COVID-19  survey  conducted beginning on 4 May 2020 and ending on 6 May 2020, which aims to provide an overview of the estimated rates of infection among the community in  the  country,",2020-05-04,2020-05-04,2020-05-06,"Brunei","BRN","BN","National",0,NA,NA,"Health Monitoring",NA,NA,"","Brunei",NA,NA,NA,NA,NA,NA,NA,NA,"Voluntary/Recommended but No Penalties","Ministry/Department of Health",NA,NA,NA,NA,"https://thescoop.co/2020/05/01/covid-19-live-updates-3/",2020-07-12,"2020-07-12 23:31:09"
"100","R_2fjNOxPHD4L8BbhDg",907086,"new_entry","original","NA",NA,"Patients and visitors have been urged to scan the BruHealth QR code at all hospitals and health centres. The QR code will be available at all entry points of hospitals and health centres to facilitate COVID-19 contact tracing. Patients and visitors will also be required to scan the QR code every time they enter or leave a specific department, such as pharmacy, clinic or a ward. BruHealth users with red codes will only be allowed to enter if they are patients who wish to see a doctor for consultation or to receive treatment at hospitals or health centres. For visitors, only those who have green and yellow codes can visit patients at hospital wards.",2020-06-08,2020-06-08,NA,"Brunei","BRN","BN","National",0,NA,NA,"Health Monitoring",NA,NA,"","Brunei",NA,NA,NA,NA,NA,NA,NA,NA,"Mandatory with Fines","National Government,Ministry/Department of Health",NA,NA,NA,NA,"https://thescoop.co/2020/06/01/covid-19-live-updates-4/",2020-09-24,"2020-09-24 15:03:48"
"101","R_7O2XU1zWVPs3QS5Dg",678502,"new_entry","original","NA",NA,"The health ministry will conduct another round of COVID-19 antibody testing at select mosques this week to better understand the extent of community transmission in Brunei from June 15.

",2020-06-15,2020-06-15,NA,"Brunei","BRN","BN","National",0,NA,NA,"Health Monitoring",NA,NA,"","Brunei",NA,NA,NA,NA,NA,NA,NA,NA,"Mandatory (Unspecified/Implied)","National Government,Ministry/Department of Health",NA,NA,NA,NA,"https://thescoop.co/2020/06/01/covid-19-live-updates-4/",2020-09-24,"2020-09-24 15:44:03"
"102","R_tSt81KXPNuRPJgBDg",5165343,"new_entry","original","NA",NA,"From Monday, 7 September 2020, premise owners in Brunei are required to print and display their QR code at their respective entrances. The public are urged to take the usage of the BruHealth application seriously, especially in scanning the QR Code as it is used by the Ministry of Health for contact tracing purposes in the event of an outbreak of infection.
",2020-09-03,2020-09-07,NA,"Brunei","BRN","BN","National",0,NA,NA,"Health Monitoring",NA,NA,"","Brunei",NA,NA,NA,NA,NA,NA,NA,NA,"Mandatory with Legal Penalties (Jail Time),Mandatory with Fines","National Government,Ministry/Department of Health",NA,NA,NA,NA,"http://www.moh.gov.bn/Shared%20Documents/2019%20ncov/press%20releases/Media%20statement%20on%20the%20current%20situation%20of%20COVID-19%20in%20Brunei%20Darussalam%20(03.09.2020).pdf",2020-09-28,"2020-09-28 15:42:22"
"103","R_2BnYBgaspYpSUxkCm",2525727,"new_entry","original","NA",NA,"Brunei sets up temporary shelters to combat coronavirus spread",2020-02-09,2020-02-09,NA,"Brunei","BRN","BN","National",1,NA,NA,"Health Resources","Masks",NA,"","Brunei","One or more countries, but not all countries",NA,NA,NA,NA,"All Residents (Citizen Residents + Foreign Residents)",NA,"Not Applicable","Mandatory (Unspecified/Implied)","National Government,Ministry/Department of Health,Other (Please specify in the text box)",51.3524459039504,50.2245854103199,48.5309344676533,183,"https://thescoop.co/2020/02/09/brunei-sets-up-4-temporary-shelters-to-combat-coronavirus-spread/",2020-04-06,"2020-04-06 21:32:50"
"104","R_1HjYlp6ZQF5ZcaKCm",4149155,"new_entry","original","NA",NA,"Brunei increases the capacity of human resources as well as building a new testing lab",2020-03-22,2020-03-22,NA,"Brunei","BRN","BN","National",1,NA,NA,"Health Resources","Masks",NA,"","Brunei","One or more countries, but not all countries",NA,NA,NA,NA,"All Residents (Citizen Residents + Foreign Residents)",NA,"Not Applicable","Mandatory (Unspecified/Implied)","National Government,Ministry/Department of Health",54.9833707798973,54.1043392933405,53.1428836597658,179,"https://thescoop.co/2020/03/22/hm-stay-calm-were-in-this-together/",2020-04-09,"2020-04-09 09:45:01"
"105","R_6MwDa5lYgVvB52VCm",4412657,"new_entry","original","NA",NA,"Brunei starts building new isolation centre",2020-03-27,2020-03-27,2020-04-17,"Brunei","BRN","BN","National",1,NA,NA,"Health Resources","Masks",NA,"","Brunei","One or more countries, but not all countries",NA,NA,NA,NA,"All Residents (Citizen Residents + Foreign Residents)",NA,"Not Applicable","Mandatory (Unspecified/Implied)","National Government,Ministry/Department of Health",56.510754049455,54.1035545763792,52.0077913433225,174,"https://thescoop.co/2020/03/13/covid-19-live-updates/",2020-04-26,"2020-04-26 23:05:51"
"106","R_8kUCPLliSOaDhqVCm",5359654,"update","original","Change of Policy","Strengthening","Members of the public must also download the contact tracing app as they will need to scan the QR code before and when leaving business premises.

",2020-05-07,2020-05-07,NA,"Brunei","BRN","BN","National",0,NA,NA,"Health Resources","Masks",NA,"",NA,NA,NA,NA,NA,NA,"Health-Related Supplies",NA,NA,"Voluntary/Recommended but No Penalties","National Government,Other (Please specify in the text box)",NA,NA,NA,NA,"https://thescoop.co/2020/03/13/covid-19-live-updates/2/",2020-07-12,"2020-07-12 22:43:17"
"107","R_Rh1Dv98BFRcX5GFCm",7706830,"new_entry","original","NA",NA,"The Brunei health ministry warned against using disinfectant tunnels or chambers that spray on people who do not have personal protective equipment (PPE). Disinfection by spraying can cause irritation or damage to the skin, eyes and respiratory system, it added in a statement on Monday.",2020-06-29,2020-06-29,NA,"Brunei","BRN","BN","National",0,NA,NA,"Health Resources","Masks",NA,"","Brunei",NA,NA,NA,NA,NA,NA,NA,NA,"Mandatory (Unspecified/Implied)","National Government,Ministry/Department of Health",NA,NA,NA,NA,"https://thescoop.co/2020/06/01/covid-19-live-updates-4/",2020-09-25,"2020-09-25 13:25:34"
"108","R_3FRJvQvWFt3w57xCm",1439028,"update","original","Change of Policy","Relaxing","Brunei citizens and permanent residents who have received government approval to travel will pay a subsidised rate of $100 if they wish to take the swab test for coronavirus before leaving the country. Non-citizens, including green IC-holders, will be imposed $200 for the COVID-19 test. Tests are also free for those with special permission from the health ministry and government officers who are on official visits. Bruneian students who are pursuing their education abroad are exempted from paying for the nasal swab tests.

",2020-08-13,2020-08-14,NA,"Brunei","BRN","BN","National",0,NA,NA,"Health Resources","Masks",NA,"","Brunei",NA,NA,NA,NA,NA,NA,NA,NA,"Voluntary/Recommended but No Penalties","National Government,Ministry/Department of Health,Ministry/Department of Foreign Affairs",NA,NA,NA,NA,"https://thescoop.co/2020/06/01/covid-19-live-updates-4/",2020-09-28,"2020-09-28 15:20:10"
"109","R_3Mzch1susn1yqGVDg",9034637,"new_entry","original","NA",NA,"Brunei installs thermal screening at the Brunei International Airport",2020-01-21,2020-01-21,NA,"Brunei","BRN","BN","National",0,NA,NA,"Health Testing",NA,NA,"","Brunei","One or more countries, but not all countries",NA,NA,NA,NA,"All (Travelers + Residents)","Inbound","Flights","Mandatory (Unspecified/Implied)","National Government,Ministry/Department of Health,Other (Please specify in the text box)",50.1962220665404,48.3286157514212,45.3165747079895,181,"https://thescoop.co/2020/02/01/wuhan-coronavirus-moh-starts-health-screening-at-all-entry-points/",2020-04-03,"2020-04-03 16:43:14"
"110","R_RElwoaeQXXf108VDg",9034637,"update","original","NA",NA,"Brunei installs thermal screenings at all seven entry points starting from February 1st.",2020-01-30,2020-02-01,NA,"Brunei","BRN","BN","National",1,NA,NA,"Health Testing",NA,NA,"","Brunei","One or more countries, but not all countries",NA,NA,NA,NA,"All Residents (Citizen Residents + Foreign Residents)","Inbound","All kinds of transport","Mandatory (Unspecified/Implied)","National Government,Ministry/Department of Health,Provincial/State Government,Police",51.0593457144566,49.6996926187332,48.3667134884188,186,"https://thescoop.co/2020/02/01/wuhan-coronavirus-moh-starts-health-screening-at-all-entry-points/",2020-04-06,"2020-04-06 20:54:40"
"111","R_1g1qAk2iQCZXnAJDg",1774040,"new_entry","original","NA",NA,"Brunei will test those who are undergoing mandatory isolation at designated monitoring centres or self-isolation at home
",2020-03-23,2020-03-23,NA,"Brunei","BRN","BN","National",1,NA,NA,"Health Testing",NA,NA,"","Brunei","One or more countries, but not all countries",NA,NA,NA,NA,"All Residents (Citizen Residents + Foreign Residents)",NA,"Not Applicable","Mandatory (Unspecified/Implied)","National Government",55.8162451844638,54.1530288145438,52.655385160594,179,"https://thescoop.co/2020/03/13/covid-19-live-updates/2/",2020-04-16,"2020-04-16 20:34:49"
"112","R_2xKkFY3DMz7Syd8Dg",5583700,"new_entry","original","NA",NA,"In Brunei, the health ministry has  started taking random tests on prisoners and residents at Al-Islah Rehabilitation Centre since April 16",2020-04-16,2020-04-16,NA,"Brunei","BRN","BN","National",0,NA,NA,"Health Testing",NA,NA,"","Brunei",NA,NA,NA,NA,NA,NA,NA,NA,"Voluntary/Recommended but No Penalties","Ministry/Department of Health",59.4855718703443,54.2800287169322,49.3851465523754,161,"https://thescoop.co/2020/04/04/covid-19-live-updates-2/",2020-06-27,"2020-06-27 13:47:32"
"113","R_ywn3n86aoiF3BaVDg",4413564,"new_entry","original","NA",NA,"As of 29 April 2020, a total of 4,310 random COVID--19 tests for surveillance purposes were conducted among foreign workers and those present for treatment at Health Centers whose results were all negative.",2020-04-30,2020-04-30,2020-04-29,"Brunei","BRN","BN","National",0,NA,NA,"Health Testing",NA,NA,"","Brunei",NA,NA,NA,NA,NA,NA,NA,NA,"Mandatory (Unspecified/Implied)","National Government",NA,NA,NA,NA,"https://thescoop.co/2020/04/04/covid-19-live-updates-2/",2020-06-19,"2020-06-19 13:34:50"
"114","R_yq05NiU2ovAmPktDg",566261,"new_entry","original","NA",NA,"Brunei Ministry of Health will begin community antibody testing at select government health centers starting Monday and children will not be tested as part of the nationwide survey,

",2020-05-03,2020-05-04,NA,"Brunei","BRN","BN","National",0,NA,NA,"Health Testing",NA,NA,"","Brunei",NA,NA,NA,NA,NA,NA,NA,NA,"Voluntary/Recommended but No Penalties","Ministry/Department of Health",NA,NA,NA,NA,"https://thescoop.co/2020/05/01/covid-19-live-updates-3/",2020-07-05,"2020-07-05 20:49:37"
"115","R_2dneQwsG8rKtqMjDg",6657687,"new_entry","original","NA",NA,"The  Ministry of  Health extends the surveillance on the outbreak of  COVID-­-19 infection among the citizens and residents of Brunei  Darussalam, the Ministry of Health will launch a nationwide survey   starting Monday,  4 May 2020 which will be conducted for a week. The  study involves taking in blood  samples and blood sugar test at home.",2020-05-02,2020-05-04,2020-05-11,"Brunei","BRN","BN","National",0,NA,NA,"Health Testing",NA,NA,"","Brunei",NA,NA,NA,NA,NA,NA,NA,NA,"Voluntary/Recommended but No Penalties","Ministry/Department of Health",NA,NA,NA,NA,"https://thescoop.co/2020/05/01/covid-19-live-updates-3/",2020-07-04,"2020-07-04 09:47:48"
"116","R_3nSNXHmsghEts1ODg",6930252,"new_entry","original","NA",NA,"The Health Ministry announced that Brunei started the one-week antibody testing at designated public health centers on Monday (11 May 2020) to have a better understanding of whether there is widespread community transmission of COVID-19.

",2020-05-08,2020-05-11,2020-05-18,"Brunei","BRN","BN","National",0,NA,NA,"Health Testing",NA,NA,"","Brunei",NA,NA,NA,NA,NA,NA,NA,NA,"Voluntary/Recommended but No Penalties","Ministry/Department of Health",NA,NA,NA,NA,"https://thescoop.co/2020/05/01/covid-19-live-updates-3/",2020-07-12,"2020-07-12 23:22:50"
"117","R_1jqbDVNr2lYIlM3Dg",2745999,"new_entry","original","NA",NA,"Brunei's health ministry will also expand its COVID-19 testing among frontline healthcare workers and employees at childcare centres, pre-schools and elderly care centres from June 5.",2020-06-04,2020-06-05,NA,"Brunei","BRN","BN","National",0,NA,NA,"Health Testing",NA,NA,"","Brunei",NA,NA,NA,NA,NA,NA,NA,NA,"Mandatory (Unspecified/Implied)","National Government,Ministry/Department of Health",NA,NA,NA,NA,"https://thescoop.co/2020/06/01/covid-19-live-updates-4/",2020-09-24,"2020-09-24 14:28:34"
"118","R_OCJd4X0qgWaFrJ7Dg",1439028,"new_entry","original","NA",NA,"Brunei citizens and permanent residents who have received government approval to travel will pay a subsidised rate of $100 if they wish to take the swab test for coronavirus before leaving the country. Non-citizens, including green IC-holders, will be imposed $200 for the COVID-19 test. Tests are also free for those with special permission from the health ministry and government officers who are on official visits. Bruneian students who are pursuing their education abroad are exempted from paying for the nasal swab tests.

",2020-06-23,2020-06-23,NA,"Brunei","BRN","BN","National",0,NA,NA,"Health Testing",NA,NA,"","Brunei",NA,NA,NA,NA,NA,NA,NA,NA,"Voluntary/Recommended but No Penalties","National Government,Ministry/Department of Health,Ministry/Department of Foreign Affairs",NA,NA,NA,NA,"https://thescoop.co/2020/06/01/covid-19-live-updates-4/",2020-09-25,"2020-09-25 13:17:48"
"119","R_3HjglBqYz1HUshlDg",2495994,"new_entry","original","NA",NA,"The Brunei Ministry of Health would like to remind the public, especially for individuals who are seeking approval to travel abroad and to any countries that require for them to conduct a swab test for SARS-CoV-2 before arriving to the country, that at present the swab test can only be conducted at Government facilities or at facilities that are approved by the Government. Individuals who need to do a swab test for certain reasons are advised to go to the Sports Complex, Raja Isteri Pengiran Anak Saleha Hospital or at specific health centres that provide such services.",2020-07-31,2020-07-31,NA,"Brunei","BRN","BN","National",0,NA,NA,"Health Testing",NA,NA,"","Brunei",NA,NA,NA,NA,NA,NA,NA,NA,"Mandatory (Unspecified/Implied)","National Government,Ministry/Department of Health",NA,NA,NA,NA,"http://www.moh.gov.bn/Shared%20Documents/2019%20ncov/press%20releases/Press%20Release%20on%20the%20current%20situation%20of%20COVID-19%20in%20Brunei%20Darussalam%20(31.07.2020).pdf",2020-09-28,"2020-09-28 14:43:40"
"120","R_2Yy158ApPDBXg9DDg",9468630,"new_entry","original","NA",NA,"Any premises in Brunei that offers swab test services without permission or recognition from the Ministry of Health is deemed to be in violation of the law which may result in a compound fine of up to $5000 or if convicted in court, can be fined up to $10,000 or imprisonment for up to 6 months or both.",2020-07-31,2020-07-31,NA,"Brunei","BRN","BN","National",0,NA,NA,"Health Testing",NA,NA,"","Brunei",NA,NA,NA,NA,NA,NA,NA,NA,"Mandatory with Legal Penalties (Jail Time),Mandatory with Fines","National Government,Ministry/Department of Health,Police",NA,NA,NA,NA,"http://www.moh.gov.bn/Shared%20Documents/2019%20ncov/press%20releases/Press%20Release%20on%20the%20current%20situation%20of%20COVID-19%20in%20Brunei%20Darussalam%20(31.07.2020).pdf",2020-09-28,"2020-09-28 14:48:49"
"121","R_3elUESxtf2Lm5g7Dg",9161171,"new_entry","original","NA",NA,"The Ministry of Health in Brunei would like to inform the public that individuals who would like to take the SARS-CoV-2 swab test, especially for the purpose of travelling abroad must take the swab test 3 – 5 days (three to five days) before their flight date – subject to the terms and conditions of the country to which it is intended. The results of the swab test will take time and the Ministry seeks the public’s patience while waiting for their test results.",2020-09-09,2020-09-09,NA,"Brunei","BRN","BN","National",0,NA,NA,"Health Testing",NA,NA,"","Brunei",NA,NA,NA,NA,NA,NA,NA,NA,"Mandatory (Unspecified/Implied)","National Government,Ministry/Department of Health",NA,NA,NA,NA,"http://www.moh.gov.bn/Shared%20Documents/2019%20ncov/press%20releases/Press%20Release%20on%20the%20current%20situation%20of%20COVID-19%20in%20Brunei%20Darussalam%20(09.09.2020).pdf",2020-09-29,"2020-09-29 03:11:57"
"122","R_1ON7z6xgtTd0KiRCb",8668403,"new_entry","original","NA",NA,"The  Ministry of  Health would like to remind and emphasize the need for the public to continue to practice personal hygiene such as regular hand washing and proper coughing and sneezing etiquette.",2020-05-06,2020-05-06,NA,"Brunei","BRN","BN","National",0,NA,NA,"Hygiene","Hygiene measures for public areas",NA,"","Brunei",NA,NA,NA,NA,NA,NA,NA,NA,"Voluntary/Recommended but No Penalties","Ministry/Department of Health",NA,NA,NA,NA,"https://thescoop.co/2020/05/01/covid-19-live-updates-3/",2020-07-05,"2020-07-05 21:51:22"
"123","R_2Qm9gAjr3ziPjy1Cb",9295740,"new_entry","original","NA",NA,"As part of safety guidelines in Brunei, cleaning and disinfection of seats must be done every time a movie ends while cinemagoers should be kept at least two seats apart. Staff are also required to wear protective face masks, provide hand sanitisers and conduct temperature checks on cinema visitors from July 6.



",2020-07-01,2020-07-06,NA,"Brunei","BRN","BN","National",0,NA,NA,"Hygiene","Hygiene measures for public areas",NA,"","Brunei",NA,NA,NA,NA,NA,NA,NA,NA,"Mandatory (Unspecified/Implied)","National Government,Ministry/Department of Health",NA,NA,NA,NA,"https://thescoop.co/2020/06/01/covid-19-live-updates-4/",2020-09-26,"2020-09-26 03:21:30"
"124","R_R9RowXV52piKJlnCb",6619514,"new_entry","original","NA",NA,"the Ministry of Health in Brunei would like to emphasize the importance for the public to remain vigilant and take precautions by adopting and practice the preventive measures as recommended. This includes to practice physical distancing, avoid going to crowded places, wearing a face mask when unable to avoid going to crowded places, as well as maintaining personal hygiene such as frequently washing hands and maintaining personal hygiene, practice proper cough and sneeze etiquette.",2020-08-07,2020-08-07,NA,"Brunei","BRN","BN","National",0,NA,NA,"Hygiene","Hygiene measures for public areas",NA,"","Brunei",NA,NA,NA,NA,NA,NA,NA,NA,"Voluntary/Recommended but No Penalties","National Government,Ministry/Department of Health",NA,NA,NA,NA,"http://www.moh.gov.bn/Shared%20Documents/2019%20ncov/press%20releases/Press%20Release%20on%20the%20current%20situation%20of%20COVID-19%20in%20Brunei%20Darussalam%20(07.08.2020).pdf",2020-09-28,"2020-09-28 14:56:24"
"125","R_215hPeBECkxpJJ7Cb",9483755,"new_entry","original","NA",NA,"The Ministry of Health in Brunei would like to remind the restaurant owners to comply with all rules and directives issued, especially to wear a face
mask and for beauty and health establishments to use face masks and aprons. Any individual found to be in violation of or disobey any order issued shall be an offense under the Infectious Diseases Act (Section 204) which carries a compound fine of up to $5,000 or can be prosecuted in court carrying a fine of up to $10,000 or imprisonment up to 6 months or both. The Ministry will not hesitate to take legal action against anyone who does not comply with the directives issued.",2020-08-07,2020-08-07,NA,"Brunei","BRN","BN","National",0,NA,NA,"Hygiene","Hygiene measures for public areas",NA,"","Brunei",NA,NA,NA,NA,NA,NA,NA,NA,"Mandatory with Legal Penalties (Jail Time),Mandatory with Fines","National Government,Ministry/Department of Health",NA,NA,NA,NA,"http://www.moh.gov.bn/Shared%20Documents/2019%20ncov/press%20releases/Press%20Release%20on%20the%20current%20situation%20of%20COVID-19%20in%20Brunei%20Darussalam%20(07.08.2020).pdf",2020-09-28,"2020-09-28 15:00:12"
"126","R_3q7kYQ0Fm3g7OONCb",7373968,"new_entry","original","NA",NA,"The Ministry of Health in Brunei would like to emphasize and remind the
public to continue to comply with all the directives issued by the Government, as well as to practice their social responsibilities by maintaining personal hygiene, practice proper cough and sneeze etiquette, recommended to wear a face mask in crowded public places and if feeling unwell, not to go to public places and attend
social gatherings.",2020-08-13,2020-08-13,NA,"Brunei","BRN","BN","National",0,NA,NA,"Hygiene","Hygiene measures for public areas",NA,"","Brunei",NA,NA,NA,NA,NA,NA,NA,NA,"Voluntary/Recommended but No Penalties","National Government,Ministry/Department of Health",NA,NA,NA,NA,"http://www.moh.gov.bn/Shared%20Documents/2019%20ncov/press%20releases/PR%20reduction%20of%20social%20distancing%20measures%20based%20on%20the%20current%20situation%20of%20COVID-19%20in%20Brunei%20Darussalam%20(13.08.2020).pdf",2020-09-28,"2020-09-28 15:25:58"
"127","R_2YmI4be1JTvzLlcCp",4365256,"new_entry","original","NA",NA,"A committee has been set up to discuss the possibility of establishing “green lanes” for international travel once Brunei starts lifting its border controls on 11 June.",2020-06-11,2020-06-11,NA,"Brunei","BRN","BN","National",1,NA,NA,"New Task Force, Bureau or Administrative Configuration","New Task Force or Bureau (i.e. establishment of a temporary body)",NA,"","Brunei",NA,NA,NA,NA,NA,"All Residents (Citizen Residents + Foreign Residents)",NA,NA,"Mandatory (Unspecified/Implied)","New (COVID-19 specific) Task Force",NA,NA,NA,NA,"https://thescoop.co/2020/06/01/covid-19-live-updates-4/",2020-09-24,"2020-09-24 15:12:29"
"128","R_3hu5zOykfMZBf76Dg",6379603,"new_entry","original","NA",NA,"In Brunei, The Ministry of Transport and Infocommunications scraps $25 annual license fee for mobile subscribers
",2020-04-20,2020-01-24,NA,"Brunei","BRN","BN","National",0,NA,NA,"Other Policy Not Listed Above",NA,"Brunei is aimed at making telecommunications services more accessible and affordable for the public and increase the community’s readiness to adopt new digital technologies and services after corona virus..","","Brunei",NA,NA,NA,NA,NA,NA,NA,NA,"Voluntary/Recommended but No Penalties","Other (Please specify in the text box)",50.9079057162962,48.6204718878488,46.0565863582517,182,"https://thescoop.co/2020/04/04/covid-19-live-updates-2/",2020-06-27,"2020-06-27 14:05:42"
"129","R_3nI483RBldedVE3Dg",2236146,"new_entry","original","NA",NA,"Brunei brings home Bruneian students from China",2020-01-30,2020-01-30,NA,"Brunei","BRN","BN","National",0,NA,NA,"Other Policy Not Listed Above",NA,"Brunei returns it's students studying in China back to Brunei","",NA,NA,NA,NA,NA,NA,NA,NA,NA,"Voluntary/Recommended but No Penalties","National Government,Ministry/Department of Health",50.7816233940043,49.466570175243,48.1778828211939,186,"https://thescoop.co/2020/01/30/brunei-bans-entry-of-visitors-with-recent-hubei-travel-history/",2020-04-06,"2020-04-06 21:09:29"
"130","R_2737qKR63s77AfyDg",2874016,"new_entry","original","NA",NA,"Brunei earmarked 15 million as a contingency for the costs of the COVID19 outbreak",2020-03-12,2020-03-12,NA,"Brunei","BRN","BN","National",0,NA,NA,"Other Policy Not Listed Above",NA,"Brunei earmarkes money to cover the costs of the Corona Outbreak","",NA,NA,NA,NA,NA,NA,NA,NA,NA,"Voluntary/Recommended but No Penalties","National Government,Other (Please specify in the text box)",52.6369711927744,51.5923948630928,50.4546221471308,146,"https://thescoop.co/2020/03/12/coronavirus-fear-grips-brunei-as-number-of-cases-rise-to-11-within-days/",2020-04-08,"2020-04-08 22:50:07"
"131","R_DGciPj8WH5GUkSdDg",9727162,"new_entry","original","NA",NA,"Brunei government increases the penalty for violation of official directives for the coronavirus outbreak",2020-03-13,2020-03-13,NA,"Brunei","BRN","BN","National",0,NA,NA,"Other Policy Not Listed Above",NA,"amendment to the Infectious Disease Act to increase the penalty for anyone who does not comply with official directives for the coronavirus outbreak","",NA,NA,NA,NA,NA,NA,NA,NA,NA,"Mandatory with Fines","National Government",52.8039454003825,51.868827687387,50.7354400288677,148,"https://thescoop.co/2020/03/13/covid-19-cases-more-than-double-to-reach-25/",2020-04-08,"2020-04-08 22:57:38"
"132","R_3Rw84b8pchuk38vDg",1064311,"new_entry","original","NA",NA,"Brunei's small and medium enterprises in four sectors will get 30 percent rental fee discount from government buildings and corporate tax discount of up to 50 percent and a 15 percent cut on water and electricity bills.",2020-03-21,2020-03-21,NA,"Brunei","BRN","BN","National",1,NA,NA,"Other Policy Not Listed Above",NA,"corporate tax and rental discount","","Brunei","One or more countries, but not all countries",NA,NA,NA,NA,"All Residents (Citizen Residents + Foreign Residents)",NA,"Not Applicable","Mandatory (Unspecified/Implied)","National Government",54.813424821281,54.028218482956,53.0627507866023,179,"https://thescoop.co/2020/03/13/covid-19-live-updates/2/",2020-04-16,"2020-04-16 17:51:41"
"133","R_eFJIZJxpVYgfsGdDg",5080016,"new_entry","original","NA",NA,"Brunei government has launched a COVID-19 relief fund that allows the public and companies to donate money to help the Ministry of Health purchase medical equipment and other essential items",2020-03-21,2020-03-21,NA,"Brunei","BRN","BN","National",0,NA,NA,"Other Policy Not Listed Above",NA,"relief fund to donate money to purchase medical equipment","",NA,NA,NA,NA,NA,NA,NA,NA,NA,"Mandatory (Unspecified/Implied)","National Government",54.813424821281,54.028218482956,53.0627507866023,179,"https://thescoop.co/2020/03/13/covid-19-live-updates/2/",2020-04-14,"2020-04-14 16:21:57"
"134","R_3nxtFz43mL5OC75Dg",5314208,"new_entry","original","NA",NA,"Brunei has launched a COVID-19 relief fund that allows the public and companies to donate money to help the Ministry of Health purchase medical equipment and other essential items",2020-03-21,2020-03-21,NA,"Brunei","BRN","BN","National",0,NA,NA,"Other Policy Not Listed Above",NA,"launched a COVID-19 relief fund for donations","",NA,NA,NA,NA,NA,NA,NA,NA,NA,"Mandatory (Unspecified/Implied)","National Government,Ministry/Department of Health",54.813424821281,54.028218482956,53.0627507866023,179,"https://thescoop.co/2020/03/13/covid-19-live-updates/2/",2020-04-15,"2020-04-15 12:27:08"
"135","R_Xvqb4FcBIifRWgxDg",5292350,"new_entry","original","NA",NA,"Brunei government will pay 25 percent of private sector micro, small and medium enterprise (MSME) employees (who earn $1,500 and below’) salaries for three months",2020-03-28,2020-03-28,NA,"Brunei","BRN","BN","National",1,NA,NA,"Other Policy Not Listed Above",NA,"government will cover a portion of the wages of micro, small and medium enterprise (MSME) employees who earn $1,500 and below","","Brunei","One or more countries, but not all countries",NA,NA,NA,NA,"All Residents (Citizen Residents + Foreign Residents)",NA,"Not Applicable","Voluntary/Recommended but No Penalties","National Government",57.104906611749,54.1871569544598,51.4651287858539,173,"https://thescoop.co/2020/03/13/covid-19-live-updates/",2020-04-26,"2020-04-26 23:17:28"
"136","R_2uqu0y2nisk0ypYDg",7993948,"new_entry","original","NA",NA,"Brunei increases fixed broadband data capacity to support students’ online learning starting March 30th",2020-03-25,2020-03-30,NA,"Brunei","BRN","BN","National",1,NA,NA,"Other Policy Not Listed Above",NA,"Brunei increases fixed broadband data capacity to support students’ online learning","","Brunei","One or more countries, but not all countries",NA,NA,NA,NA,"All Residents (Citizen Residents + Foreign Residents)",NA,"Not Applicable","Voluntary/Recommended but No Penalties","National Government,Other (Please specify in the text box)",57.8023899594592,54.1048051537989,51.0674125994315,169,"https://thescoop.co/2020/03/13/covid-19-live-updates/",2020-04-21,"2020-04-21 22:00:15"
"137","R_1OvsKG3kXI0vWr9Dg",1302183,"new_entry","original","NA",NA,"Brunei decides that all bank fees and charges related to trade and payment transactions will also be waived for six months",2020-03-19,2020-04-01,2020-10-01,"Brunei","BRN","BN","National",0,NA,NA,"Other Policy Not Listed Above",NA,"waiver of all bank fees and charges related to trade and payment transactions","",NA,NA,NA,NA,NA,NA,NA,NA,NA,"Mandatory (Unspecified/Implied)","National Government,Other (Please specify in the text box)",57.7533321663391,54.3200885788963,50.7442771701127,173,"https://thescoop.co/2020/03/13/covid-19-live-updates/2/",2020-04-14,"2020-04-14 16:28:25"
"138","R_1j8StF70qtXMjCYDg",2909967,"new_entry","original","NA",NA,"Brunei introduces deferment of social security contributions for local workers earning $1,500 and below",2020-03-21,2020-04-01,2020-10-01,"Brunei","BRN","BN","National",0,NA,NA,"Other Policy Not Listed Above",NA,"The six-month deferment of Employees Trust Fund (TAP) and Supplementary Contributory Pension (SCP) to help businesses survive the coronavirus-induced economic downturn","",NA,NA,NA,NA,NA,NA,NA,NA,NA,"Voluntary/Recommended but No Penalties","National Government,Other (Please specify in the text box)",57.7533321663391,54.3200885788963,50.7442771701127,173,"https://thescoop.co/2020/03/13/covid-19-live-updates/2/",2020-04-14,"2020-04-14 13:08:24"
"139","R_SBPEMBbftsgeARXDg",4714703,"new_entry","original","NA",NA,"Brunei has reached an agreement with banks to defer the payment of loans for businesses in four sectors to alleviate financial burdens due to COVID-19",2020-03-19,2020-04-01,2020-10-01,"Brunei","BRN","BN","National",0,NA,NA,"Other Policy Not Listed Above",NA,"The government has reached an agreement with banks to defer the payment of loans for businesses in four sectors as part of measures to alleviate their financial burden due to COVID-19","",NA,NA,NA,NA,NA,NA,NA,NA,NA,"Voluntary/Recommended but No Penalties","National Government",57.7533321663391,54.3200885788963,50.7442771701127,173,"https://thescoop.co/2020/03/13/covid-19-live-updates/2/",2020-04-15,"2020-04-15 12:27:08"
"140","R_3qkywaO2jQbbE8nDg",7671826,"new_entry","original","NA",NA,"Brunei has reached an agreement with banks to defer the payment of loans for businesses in four sectors as part of measures to alleviate their financial burden due to COVID-19",2020-03-19,2020-04-01,2020-10-01,"Brunei","BRN","BN","National",0,NA,NA,"Other Policy Not Listed Above",NA,"agreement with banks to defer the payment of loans for businesses in four sectors","",NA,NA,NA,NA,NA,NA,NA,NA,NA,"Mandatory (Unspecified/Implied)","National Government,Other (Please specify in the text box)",57.7533321663391,54.3200885788963,50.7442771701127,173,"https://thescoop.co/2020/03/13/covid-19-live-updates/2/",2020-04-14,"2020-04-14 14:30:11"
"141","R_3Ea72rCDz3lH3AIDg",5582740,"new_entry","original","NA",NA,"Brunei has reached an agreement with Pos Malaysia to retrieve over 3,000 unclaimed parcels at Limbang Post Office and Miri Post Office, said the minister of transport and infocommunications on Monday.",2020-04-20,2020-04-20,NA,"Brunei","BRN","BN","National",0,NA,NA,"Other Policy Not Listed Above",NA,"Brunei has reached an agreement with Pos Malaysia to retrieve over 3,000 unclaimed parcels at Limbang Post Office and Miri Post Office","","Brunei",NA,NA,NA,NA,NA,NA,NA,NA,"Voluntary/Recommended but No Penalties","Other (Please specify in the text box)",60.0029634598934,54.0898810806002,48.7769956127698,154,"https://thescoop.co/2020/04/04/covid-19-live-updates-2/",2020-06-27,"2020-06-27 20:00:39"
"142","R_2xW6BwCL6yEDl24Dg",1548972,"new_entry","original","NA",NA,"The Health Minister said Brunei may relax public health measures when the country records zero new cases for 28 days in a row.

",2020-04-27,2020-04-27,2020-06-03,"Brunei","BRN","BN","National",0,NA,NA,"Other Policy Not Listed Above",NA,"Brunei may relax public health measures when the country records zero new cases for 28 days in a row.","","Brunei",NA,NA,NA,NA,NA,NA,NA,NA,"Voluntary/Recommended but No Penalties","Ministry/Department of Health",61.2436815704189,54.3072099943041,48.3265208873417,159,"https://thescoop.co/2020/04/04/covid-19-live-updates-2/",2020-07-12,"2020-07-12 20:10:06"
"143","R_3qgSwjAkApcR5uNDg",1548972,"update","original","Change of Policy","Strengthening","The government has yet to decide on resetting the 28-day countdown of easing coronavirus curbs despite reporting the first new case in 17 days
",2020-05-06,2020-05-06,2020-06-03,"Brunei","BRN","BN","National",0,NA,NA,"Other Policy Not Listed Above",NA,"Brunei may relax public health measures when the country records zero new cases for 28 days in a row.","","Brunei",NA,NA,NA,NA,NA,NA,NA,NA,"Voluntary/Recommended but No Penalties","Ministry/Department of Health",NA,NA,NA,NA,"https://thescoop.co/2020/04/04/covid-19-live-updates-2/",2020-07-12,"2020-07-12 20:38:18"
"144","R_3qjLfshyoB4OOUWDg",7446902,"new_entry","original","NA",NA,"Gov’t announces building tax cut for landlords; landlords who reduce their monthly rent of at least 10 percent will have their building tax lowered by 20 percent. Those who decreased their rent by 20 percent and above can enjoy a 50 percent tax cut.


",2020-05-07,2020-05-07,NA,"Brunei","BRN","BN","National",0,NA,NA,"Other Policy Not Listed Above",NA,"Gov’t announces building tax cut for landlords","","Brunei",NA,NA,NA,NA,NA,NA,NA,NA,"Voluntary/Recommended but No Penalties","Other (Please specify in the text box)",NA,NA,NA,NA,"https://thescoop.co/2020/05/01/covid-19-live-updates-3/",2020-07-12,"2020-07-12 21:08:38"
"145","R_3j85ZsWEziqr1TGDg",6404845,"new_entry","original","NA",NA,"Brunei government allowed one-to-one tuition and music classes from June 5 as part of further easing of restrictions in the government’s first phase of de-escalation. Tuition and music schools are required to obtain their QR code for the BruHealth mobile app and conduct temperature checks at their premises.",2020-06-04,2020-06-05,NA,"Brunei","BRN","BN","National",0,NA,NA,"Other Policy Not Listed Above",NA,"One-to-one tuition and music classes will be allowed from June 5 with QR quotes and temperature checks.","","Brunei",NA,NA,NA,NA,NA,NA,NA,NA,"Mandatory (Unspecified/Implied)","National Government,Ministry/Department of Health",NA,NA,NA,NA,"https://thescoop.co/2020/06/01/covid-19-live-updates-4/",2020-09-24,"2020-09-24 14:22:11"
"146","R_3lPN78VGc73TxGBDg",3651644,"new_entry","original","NA",NA,"Brunei: As part of the second phase of re-opening, restaurants, cafés and food courts will be able to operate at 60 percent of their full seating capacity at a time while market stalls can accommodate up to 75 percent of their dine-in customers at a particular period.

Mosques, surau and prayer halls will also reopen for the five daily prayers, in addition to Friday prayers.

Women and children under the age of 15 are still not allowed to attend Friday prayers but they can perform the five daily prayers at places of worship.

Muslims with a yellow health code on the BruHealth system will also be permitted to participate in the five daily prayers at mosques.

For driving schools, small classes will be authorised to run at 60 percent of the usual capacity.

Safety guidelines that were put in place in the first phase will remain, including using the BruHealth app before entering and leaving the premises.",2020-06-13,2020-06-15,NA,"Brunei","BRN","BN","National",0,NA,NA,"Other Policy Not Listed Above",NA,"Second phase of reopening, many places are allowed to reopen and accommodate greater number of people at any one time.","","Brunei",NA,NA,NA,NA,NA,NA,NA,NA,"Mandatory with Legal Penalties (Jail Time),Mandatory with Fines","National Government,Ministry/Department of Health",NA,NA,NA,NA,"https://thescoop.co/2020/06/01/covid-19-live-updates-4/",2020-09-24,"2020-09-24 15:26:51"
"147","R_31H5KAh314zosmODg",105144,"new_entry","original","NA",NA,"The Brunei government will use a new benchmark to determine the eligibility criteria of specific welfare recipients on July 15, and the Minimum Cost of Basic Goods (KMKA) approach and OECD-modified scale will be adopted to assess whether each applicant qualifies for the Department of Community Development’s welfare benefits",2020-06-22,2020-07-15,NA,"Brunei","BRN","BN","National",0,NA,NA,"Other Policy Not Listed Above",NA,"The government will use a new benchmark to determine the eligibility criteria of specific welfare recipients once the new digitalised welfare system starts operating on July 15","","Brunei",NA,NA,NA,NA,NA,NA,NA,NA,"Voluntary/Recommended but No Penalties","National Government",NA,NA,NA,NA,"https://thescoop.co/2020/06/01/covid-19-live-updates-4/",2020-09-25,"2020-09-25 13:08:53"
"148","R_1GTzUIWbzgCYyNOBj",5995718,"new_entry","original","NA",NA,"Bruneian public is advised to maintain their hygiene to maximize protection against any microbial infections",2020-01-30,2020-01-30,NA,"Brunei","BRN","BN","National",0,NA,NA,"Public Awareness Measures","Disseminating information related to COVID-19 to the public that is reliable and factually accurate",NA,"",NA,NA,NA,NA,NA,NA,NA,NA,NA,"Voluntary/Recommended but No Penalties","National Government,Ministry/Department of Health",50.7816233940043,49.466570175243,48.1778828211939,186,"https://www.thebruneian.news/coronavirus-brunei-limits-entry-for-china-visitors/",2020-04-04,"2020-04-04 13:13:46"
"149","R_0deboajb9Y9l357Bj",3755719,"new_entry",NA,"NA",NA,"Brunei divided coronavirus-affected countries into four categories based on their risk level",2020-03-05,2020-03-05,NA,"Brunei","BRN","BN","National",0,NA,NA,"Public Awareness Measures","Disseminating information related to COVID-19 to the public that is reliable and factually accurate",NA,"",NA,NA,NA,NA,NA,NA,NA,NA,NA,"Voluntary/Recommended but No Penalties","National Government",51.9086603943533,50.7749926234184,49.4892139149641,151,"https://thescoop.co/2020/03/06/brunei-bans-entry-of-visitors-from-iran-italy-over-covid-19-fears/",2020-04-07,"2020-04-07 20:34:49"
"150","R_WDnvuuGrvWTawZbBj",5359654,"new_entry","original","NA",NA,"Brunei Gov’t launches app for users to monitor COVID-19 developments",2020-03-24,2020-03-24,NA,"Brunei","BRN","BN","National",0,NA,NA,"Public Awareness Measures","Disseminating information related to COVID-19 to the public that is reliable and factually accurate",NA,"",NA,NA,NA,NA,NA,NA,NA,NA,NA,"Voluntary/Recommended but No Penalties","National Government,Other (Please specify in the text box)",56.0078527150795,54.172491018193,52.5134811379944,178,"https://thescoop.co/2020/03/13/covid-19-live-updates/2/",2020-04-20,"2020-04-20 21:56:11"
"151","R_2QWBDiEIMVYequBBj",1238412,"new_entry","original","NA",NA,"The Ministry of Health in Brunei will continue to monitor the situation of the
outbreak at the national as well as regional and global level and carry out ongoing risk assessments to consider further mitigation measures. If the outbreak situation becomes alarming yet again, the Ministry of Health will not hesitate to tighten the social distancing measures that need to be taken to control the outbreak. The Ministry of Health will notify the public of any changes to this situation, if necessary from time to time.",2020-08-13,2020-08-13,NA,"Brunei","BRN","BN","National",0,NA,NA,"Public Awareness Measures","Disseminating information related to COVID-19 to the public that is reliable and factually accurate",NA,"","Brunei",NA,NA,NA,NA,NA,NA,NA,NA,"Mandatory (Unspecified/Implied)","National Government,Ministry/Department of Health",NA,NA,NA,NA,"http://www.moh.gov.bn/Shared%20Documents/2019%20ncov/press%20releases/PR%20reduction%20of%20social%20distancing%20measures%20based%20on%20the%20current%20situation%20of%20COVID-19%20in%20Brunei%20Darussalam%20(13.08.2020).pdf",2020-09-28,"2020-09-28 15:23:08"
"152","R_2wtqXsSnWQe5eAQBj",5297237,"new_entry","original","NA",NA,"The public are urged to take the usage of the BruHealth application seriously, especially in scanning the QR Code as it is used by the Ministry of Health in Brunei for contact tracing purposes in the event of an outbreak of infection.",2020-08-13,2020-08-13,NA,"Brunei","BRN","BN","National",0,NA,NA,"Public Awareness Measures","Disseminating information related to COVID-19 to the public that is reliable and factually accurate",NA,"","Brunei",NA,NA,NA,NA,NA,NA,NA,NA,"Mandatory (Unspecified/Implied)","National Government,Ministry/Department of Health",NA,NA,NA,NA,"http://www.moh.gov.bn/Shared%20Documents/2019%20ncov/press%20releases/PR%20reduction%20of%20social%20distancing%20measures%20based%20on%20the%20current%20situation%20of%20COVID-19%20in%20Brunei%20Darussalam%20(13.08.2020).pdf",2020-09-28,"2020-09-28 15:28:37"
"153","R_UsgCbFYU9nRQvwBDg",5016266,"new_entry","correction","NA",NA,"Brunei enforces a 14-day self-quarantine for travellers coming from China from 30 January 2020.",2020-01-30,2020-01-30,NA,"Brunei","BRN","BN","National",0,NA,NA,"Quarantine","Other Quarantine",NA,"","China","One or more countries, but not all countries",NA,NA,NA,NA,"All (Travelers + Residents)","Inbound","All kinds of transport","Mandatory (Unspecified/Implied)","National Government,Ministry/Department of Health,Other (Please specify in the text box)",50.7816233940043,49.466570175243,48.1778828211939,186,"https://www.thebruneian.news/coronavirus-brunei-limits-entry-for-china-visitors/",2020-10-06,"2020-10-06 14:41:34"
"154","R_2pMGw206IxK1318Dg",5016266,"update","correction","NA","Strengthening","All air passengers arriving in Brunei will now be placed in “monitoring centres” for 14 days, starting from 30 January 2020.",2020-01-30,2020-01-30,NA,"Brunei","BRN","BN","National",0,NA,NA,"Quarantine","Other Quarantine",NA,"","China","One or more countries, but not all countries",NA,NA,NA,NA,"All (Travelers + Residents)","Inbound","All kinds of transport","Mandatory (Unspecified/Implied)","National Government,Ministry/Department of Health,Other (Please specify in the text box)",50.7816233940043,49.466570175243,48.1778828211939,186,"https://www.thebruneian.news/coronavirus-brunei-limits-entry-for-china-visitors/",2020-10-06,"2020-10-06 14:48:34"
"155","R_Qnrev8khqRkF78dDg",5613561,"new_entry","original","NA",NA,"Brunei places all incoming travelers in “monitoring centres” for 14 days",2020-03-19,2020-03-20,NA,"Brunei","BRN","BN","National",0,NA,NA,"Quarantine","Other Quarantine",NA,"","All countries","All countries",NA,NA,NA,NA,"All Travelers (Citizen Travelers + Foreign Travelers )","Inbound","Flights","Mandatory (Unspecified/Implied)","National Government,Ministry/Department of Health",54.0921418285971,53.0858003296855,52.2112246996232,156,"https://thescoop.co/2020/03/13/covid-19-live-updates/2/",2020-04-14,"2020-04-14 15:57:00"
"156","R_1mqhCXzCUfD2fjQDg",5016266,"update","original","NA","Strengthening","All air passengers arriving in Brunei will now be placed in “monitoring centres” for 14 days",2020-03-19,2020-03-20,NA,"Brunei","BRN","BN","National",0,NA,NA,"Quarantine","Other Quarantine",NA,"","Brunei","One or more countries, but not all countries",NA,NA,NA,NA,"All Travelers (Citizen Travelers + Foreign Travelers )","Inbound","Flights","Mandatory (Unspecified/Implied)","National Government",54.0921418285971,53.0858003296855,52.2112246996232,156,"https://thescoop.co/2020/03/13/covid-19-live-updates/2/",2020-04-15,"2020-04-15 12:27:09"
"157","R_8HsWCIySghdIIilDg",5613561,"update","original","NA","Relaxing","Brunei requires all inbound passengers to self-isolate at home or in monitoring centers for 14-days",2020-03-22,2020-03-22,NA,"Brunei","BRN","BN","National",0,NA,NA,"Quarantine","Other Quarantine",NA,"","All countries","All countries",NA,NA,NA,NA,"All Travelers (Citizen Travelers + Foreign Travelers )","Inbound","All kinds of transport","Mandatory (Unspecified/Implied)","National Government",54.9833707798973,54.1043392933405,53.1428836597658,179,"https://thescoop.co/2020/03/13/covid-19-live-updates/2/",2020-04-16,"2020-04-16 18:15:41"
"158","R_2viRt3bXBmio3DYDg",4219849,"new_entry","original","NA",NA,"The Brunei Health Ministry also prolonged the quarantine of recovered patients to another 14 days after they have been discharged for a second time from 1 May.",2020-05-01,2020-05-01,NA,"Brunei","BRN","BN","National",0,NA,NA,"Quarantine","Other Quarantine",NA,"","Brunei",NA,NA,NA,NA,NA,NA,NA,NA,"Mandatory (Unspecified/Implied)","National Government,Ministry/Department of Health",NA,NA,NA,NA,"https://thescoop.co/2020/05/01/covid-19-live-updates-3/",2020-09-24,"2020-09-24 13:16:17"
"159","R_3egdeylar9cN9rJCq",4670584,"new_entry","original","NA",NA,"Brunei restaurants will be prohibited from serving dine-in customers",2020-03-18,2020-03-19,NA,"Brunei","BRN","BN","National",1,NA,NA,"Restriction and Regulation of Businesses","Non-Essential Commercial Businesses",NA,"","Brunei",NA,NA,NA,NA,NA,"All Residents (Citizen Residents + Foreign Residents)",NA,NA,"Mandatory (Unspecified/Implied)","National Government,Other (Please specify in the text box)",54.1939376378647,53.0114178425682,51.6651361369182,156,"https://thescoop.co/2020/03/13/covid-19-live-updates/3/",2020-04-10,"2020-04-10 23:57:01"
"160","R_WvxVSnNDXqOzSznCq",6317719,"new_entry","original","NA",NA,"Brunei suspends applications for recruitment of new foreign workers",2020-03-20,2020-03-21,NA,"Brunei","BRN","BN","National",1,NA,NA,"Restriction and Regulation of Businesses","Non-Essential Commercial Businesses",NA,"","Brunei",NA,NA,NA,NA,NA,"All Residents (Citizen Residents + Foreign Residents)",NA,NA,"Mandatory with Exceptions (Please list exceptions in the text entry)","National Government,Ministry/Department of Health",54.813424821281,54.028218482956,53.0627507866023,179,"https://thescoop.co/2020/03/13/covid-19-live-updates/2/",2020-04-15,"2020-04-15 12:26:43"
"161","R_3PQNo6GMVMLAlAICq",703955,"new_entry","original","NA",NA,"Brunei government will suspend applications to bring foreign workers into the country",2020-03-20,2020-03-21,NA,"Brunei","BRN","BN","National",1,NA,NA,"Restriction and Regulation of Businesses","Non-Essential Commercial Businesses",NA,"","Brunei",NA,NA,NA,NA,NA,"All Residents (Citizen Residents + Foreign Residents)",NA,NA,"Mandatory with Exceptions (Please list exceptions in the text entry)","National Government,Ministry/Department of Health,Other (Please specify in the text box)",54.813424821281,54.028218482956,53.0627507866023,179,"https://thescoop.co/2020/03/13/covid-19-live-updates/2/",2020-04-14,"2020-04-14 16:17:24"
"162","R_xu8mPSTnLSGW8cpCq",6742961,"new_entry","original","NA",NA,"In Brunei, The Ministry of Home Affairs has introduced a temporary measure that allows private-sector workers to take paid sick leave once they have worked with their current employer for at least one month as part of efforts to contain the spread of COVID-19.",2020-04-01,2020-04-01,NA,"Brunei","BRN","BN","National",1,NA,NA,"Restriction and Regulation of Businesses","Non-Essential Commercial Businesses",NA,"","Brunei",NA,NA,NA,NA,NA,"All Residents (Citizen Residents + Foreign Residents)",NA,NA,"Voluntary/Recommended but No Penalties","Other (Please specify in the text box)",57.7533321663391,54.3200885788963,50.7442771701127,173,"https://thescoop.co/2020/03/13/covid-19-live-updates/",2020-06-27,"2020-06-27 13:33:49"
"163","R_5vclR0yAclGzG3DCq",7762139,"new_entry","original","NA",NA,"The government will launch a campaign to help local farmers and market vendors sell their agricultural produce to supermarkets and restaurants, a move aimed at ensuring their income will not be affected by tamu closures due to COVID-19.",2020-04-21,2020-04-21,NA,"Brunei","BRN","BN","National",1,NA,NA,"Restriction and Regulation of Businesses","Non-Essential Commercial Businesses",NA,"","Brunei",NA,NA,NA,NA,NA,"All Residents (Citizen Residents + Foreign Residents)",NA,NA,"Voluntary/Recommended but No Penalties","National Government",60.249382866564,54.1176602748972,48.8867678606384,154,"https://thescoop.co/2020/04/04/covid-19-live-updates-2/",2020-06-27,"2020-06-27 20:20:46"
"164","R_wZup6SmQV6McY5HCq",5280910,"new_entry","original","NA",NA,"Only food truck vendors that provide drive-through pickup services will be permitted to operate their businesses around the Hassanal Bolkiah National Stadium area during Ramadan, the home affairs minister announced.

",2020-04-28,2020-05-01,NA,"Brunei","BRN","BN","National",1,NA,NA,"Restriction and Regulation of Businesses","Non-Essential Commercial Businesses",NA,"","Brunei",NA,NA,NA,NA,NA,"All Residents (Citizen Residents + Foreign Residents)",NA,NA,"Voluntary/Recommended but No Penalties","Other (Please specify in the text box)",NA,NA,NA,NA,"https://thescoop.co/2020/04/04/covid-19-live-updates-2/",2020-06-23,"2020-06-23 09:03:02"
"165","R_1Ea1qMJZMXnqh0PCq",2607982,"new_entry","original","NA",NA,"Starting May 06 Brunei and Malaysia-registered commercial transport operators including runners will be permitted to conduct cross-border delivery of goods and parcels in the government’s easing of coronavirus curbs.  Transport operators can carry out point-to-point delivery services but must return to their country of origin on the same day. The minister said there are currently 25 transport operators registered as runners.

“Not all 25 of them will [travel] on the same day and at the same time. We may limit a few of them [in one day], so 5 or 10 of them for example,” he added.

Runners are only allowed to leave the country once a week using a commercial vehicle.

All transported goods must be kept or quarantined for three days at transport operators’ premises before they can be delivered to customers.

Transport operators and runners are also required to update their health status daily through the self-assessment tool on healthinfo.gov.bn for 14 days after their cross-border travel.

",2020-05-05,2020-05-06,NA,"Brunei","BRN","BN","National",1,NA,NA,"Restriction and Regulation of Businesses","Non-Essential Commercial Businesses",NA,"","Brunei",NA,NA,NA,NA,NA,"All Residents (Citizen Residents + Foreign Residents)",NA,NA,"Voluntary/Recommended but No Penalties","Other (Please specify in the text box)",NA,NA,NA,NA,"https://thescoop.co/2020/05/01/covid-19-live-updates-3/",2020-07-05,"2020-07-05 21:26:06"
"166","R_en9BZzaOzhGfVMBCq",4473936,"new_entry","original","NA",NA,"Brunei is enforcing a 30 percent capacity limit for most other business premises from 19 May.  Individuals caught breaching regulations could face a BND 10,000 (USD 7,100) fine and six months' imprisonment.",2020-05-19,2020-05-19,NA,"Brunei","BRN","BN","National",1,NA,NA,"Restriction and Regulation of Businesses","Non-Essential Commercial Businesses",NA,"","Brunei",NA,NA,NA,NA,NA,"All Residents (Citizen Residents + Foreign Residents)",NA,NA,"Mandatory with Legal Penalties (Jail Time),Mandatory with Fines","National Government,Ministry/Department of Health,Police,New (COVID-19 specific) Task Force",NA,NA,NA,NA,"https://www.worldaware.com/covid-19-alert-brunei-eases-some-business-public-facilities-restrictions-may-19",2020-09-23,"2020-09-23 15:13:25"
"167","R_2Qfh3WAPwcse9ZGCq",5954507,"new_entry","original","NA",NA,"There is a 50 percent capacity limit for food markets in Brunei, implemented from May 19.",2020-05-19,2020-05-19,NA,"Brunei","BRN","BN","National",1,NA,NA,"Restriction and Regulation of Businesses","Non-Essential Commercial Businesses",NA,"","Brunei",NA,NA,NA,NA,NA,"All Residents (Citizen Residents + Foreign Residents)",NA,NA,"Mandatory with Fines","National Government,Ministry/Department of Health,Police,New (COVID-19 specific) Task Force",NA,NA,NA,NA,"https://www.worldaware.com/covid-19-alert-brunei-eases-some-business-public-facilities-restrictions-may-19",2020-09-23,"2020-09-23 15:04:46"
"168","R_pgf0tjM6Yusz1TPCq",4670584,"update","original","End of Policy",NA,"Brunei restaurants will be prohibited from serving dine-in customers. Brunei government allowed dining-in in restaurants from 19 May.",2020-05-19,2020-05-19,NA,"Brunei","BRN","BN","National",0,NA,NA,"Restriction and Regulation of Businesses","Non-Essential Commercial Businesses",NA,"","Brunei",NA,NA,NA,NA,NA,"All Residents (Citizen Residents + Foreign Residents)",NA,NA,"Mandatory (Unspecified/Implied)","National Government,Other (Please specify in the text box)",NA,NA,NA,NA,"https://thescoop.co/2020/03/13/covid-19-live-updates/3/",2020-09-23,"2020-09-23 14:42:28"
"169","R_RWY4JzViD6ZU7GpCq",4122192,"new_entry","original","NA",NA,"Brunei allows Child care and special needs centres can restart their operations on June 8 as part of the government’s first phase of de-escalation plan in loosening coronavirus restrictions, at 30 percent of their full capacity at a time.",2020-06-06,2020-06-08,NA,"Brunei","BRN","BN","National",1,NA,NA,"Restriction and Regulation of Businesses","Non-Essential Commercial Businesses",NA,"","Brunei",NA,NA,NA,NA,NA,"All Residents (Citizen Residents + Foreign Residents)",NA,NA,"Mandatory with Fines","National Government,Ministry/Department of Health",NA,NA,NA,NA,"https://thescoop.co/2020/06/01/covid-19-live-updates-4/",2020-09-24,"2020-09-24 14:45:40"
"170","R_1SUGDT6NhsVPqZbCq",4447559,"new_entry","original","NA",NA,"All premises in Brunei were also urged to download the PremiseScan mobile app to facilitate QR code scanning for those who could not access BruHealth due to phone incompatibility.",2020-06-12,2020-06-12,NA,"Brunei","BRN","BN","National",1,NA,NA,"Restriction and Regulation of Businesses","Non-Essential Commercial Businesses",NA,"","Brunei",NA,NA,NA,NA,NA,"All Residents (Citizen Residents + Foreign Residents)",NA,NA,"Mandatory with Legal Penalties (Jail Time),Mandatory with Fines","National Government,Ministry/Department of Health",NA,NA,NA,NA,"https://thescoop.co/2020/06/01/covid-19-live-updates-4/",2020-09-24,"2020-09-24 15:20:51"
"171","R_STd88xzDq2RyHbrCq",3765279,"new_entry","original","NA",NA,"Brunei: gyms, fitness centres, indoor and outdoor sports facilities are now permitted to operate at 60 percent capacity from 15 June, each user must make advance bookings at gyms and sports facilities as well as download the BruHealth application for QR code registration.",2020-06-13,2020-06-15,NA,"Brunei","BRN","BN","National",1,NA,NA,"Restriction and Regulation of Businesses","Non-Essential Commercial Businesses",NA,"","Brunei",NA,NA,NA,NA,NA,"All Residents (Citizen Residents + Foreign Residents)",NA,NA,"Mandatory with Fines","National Government,Ministry/Department of Health",NA,NA,NA,NA,"https://thescoop.co/2020/06/01/covid-19-live-updates-4/",2020-09-24,"2020-09-24 15:38:13"
"172","R_1hYnmyOZEucddL1Cq",7130518,"new_entry","original","NA",NA,"The bi-weekly Tutong Tamu in Brunei, which operates on Thursdays and Sundays, can accommodate 50 percent of its normal capacity at a time from July 9. The Tutong market will divide vendors into two groups with different operating schedules.",2020-07-01,2020-07-09,NA,"Brunei","BRN","BN","National",1,NA,NA,"Restriction and Regulation of Businesses","Non-Essential Commercial Businesses",NA,"","Brunei",NA,NA,NA,NA,NA,"All Residents (Citizen Residents + Foreign Residents)",NA,NA,"Mandatory with Fines","National Government,Ministry/Department of Health",NA,NA,NA,NA,"https://thescoop.co/2020/06/01/covid-19-live-updates-4/",2020-09-26,"2020-09-26 03:32:11"
"173","R_2R50mMdlF8N6JCTCq",4102617,"new_entry","original","NA",NA,"Arcade and Playground (indoor and outdoor) in Brunei will be permitted
to operate at 60% capacity of their normal capacity at any one
time.",2020-08-13,2020-08-17,NA,"Brunei","BRN","BN","National",1,NA,NA,"Restriction and Regulation of Businesses","Non-Essential Commercial Businesses",NA,"","Brunei",NA,NA,NA,NA,NA,"All Residents (Citizen Residents + Foreign Residents)",NA,NA,"Mandatory with Legal Penalties (Jail Time),Mandatory with Fines","National Government,Ministry/Department of Health",NA,NA,NA,NA,"http://www.moh.gov.bn/Shared%20Documents/2019%20ncov/press%20releases/PR%20reduction%20of%20social%20distancing%20measures%20based%20on%20the%20current%20situation%20of%20COVID-19%20in%20Brunei%20Darussalam%20(13.08.2020).pdf",2020-09-28,"2020-09-28 15:15:33"
"174","R_1JDx3A6QqMlD3GFDg",90788,"new_entry","original","NA",NA,"Brunei government will reopen senior citizen centres, museums, exhibition galleries and libraries on June 15.

For museums, exhibition galleries and libraries, group activities are allowed but limited to 30 people depending on the size of the venue. Outdoor activities are still banned.

The public facilities, which have been closed for nearly three months, will be open for three days a week for five hours.

Museums, public exhibition galleries and libraries will open every Tuesday, Thursday and Sunday while private exhibition gallery owners will decide their opening hours.",2020-06-13,2020-06-15,NA,"Brunei","BRN","BN","National",1,NA,NA,"Restriction and Regulation of Government Services","Other Quarantine",NA,"","Brunei",NA,NA,NA,NA,NA,"All Residents (Citizen Residents + Foreign Residents)",NA,NA,"Mandatory with Fines","National Government,Ministry/Department of Health",NA,NA,NA,NA,"https://thescoop.co/2020/06/01/covid-19-live-updates-4/",2020-09-24,"2020-09-24 15:33:59"
"175","R_1JDx3A6QqMlD3GFCi",90788,"new_entry","original","NA",NA,"Brunei government will reopen senior citizen centres, museums, exhibition galleries and libraries on June 15.

For museums, exhibition galleries and libraries, group activities are allowed but limited to 30 people depending on the size of the venue. Outdoor activities are still banned.

The public facilities, which have been closed for nearly three months, will be open for three days a week for five hours.

Museums, public exhibition galleries and libraries will open every Tuesday, Thursday and Sunday while private exhibition gallery owners will decide their opening hours.",2020-06-13,2020-06-15,NA,"Brunei","BRN","BN","National",1,NA,NA,"Restriction and Regulation of Government Services","Lockdown applies to all people",NA,"","Brunei",NA,NA,NA,NA,NA,"All Residents (Citizen Residents + Foreign Residents)",NA,NA,"Mandatory with Fines","National Government,Ministry/Department of Health",NA,NA,NA,NA,"https://thescoop.co/2020/06/01/covid-19-live-updates-4/",2020-09-24,"2020-09-24 15:33:59"
"176","R_1JDx3A6QqMlD3GFDc",90788,"new_entry","original","NA",NA,"Brunei government will reopen senior citizen centres, museums, exhibition galleries and libraries on June 15.

For museums, exhibition galleries and libraries, group activities are allowed but limited to 30 people depending on the size of the venue. Outdoor activities are still banned.

The public facilities, which have been closed for nearly three months, will be open for three days a week for five hours.

Museums, public exhibition galleries and libraries will open every Tuesday, Thursday and Sunday while private exhibition gallery owners will decide their opening hours.",2020-06-13,2020-06-15,NA,"Brunei","BRN","BN","National",1,NA,NA,"Restriction and Regulation of Government Services","Other mass gatherings not specified above restricted",NA,"","Brunei",NA,NA,NA,NA,NA,"All Residents (Citizen Residents + Foreign Residents)",NA,NA,"Mandatory with Fines","National Government,Ministry/Department of Health",NA,NA,NA,NA,"https://thescoop.co/2020/06/01/covid-19-live-updates-4/",2020-09-24,"2020-09-24 15:33:59"
"177","R_1JDx3A6QqMlD3GFCh",90788,"new_entry","original","NA",NA,"Brunei government will reopen senior citizen centres, museums, exhibition galleries and libraries on June 15.

For museums, exhibition galleries and libraries, group activities are allowed but limited to 30 people depending on the size of the venue. Outdoor activities are still banned.

The public facilities, which have been closed for nearly three months, will be open for three days a week for five hours.

Museums, public exhibition galleries and libraries will open every Tuesday, Thursday and Sunday while private exhibition gallery owners will decide their opening hours.",2020-06-13,2020-06-15,NA,"Brunei","BRN","BN","National",1,NA,NA,"Restriction and Regulation of Government Services","Keeping a distance of at least 6 feet or 1.5 meters apart",NA,"","Brunei",NA,NA,NA,NA,NA,"All Residents (Citizen Residents + Foreign Residents)",NA,NA,"Mandatory with Fines","National Government,Ministry/Department of Health",NA,NA,NA,NA,"https://thescoop.co/2020/06/01/covid-19-live-updates-4/",2020-09-24,"2020-09-24 15:33:59"
"178","R_1JDx3A6QqMlD3GFEi",90788,"new_entry","original","NA",NA,"Brunei government will reopen senior citizen centres, museums, exhibition galleries and libraries on June 15.

For museums, exhibition galleries and libraries, group activities are allowed but limited to 30 people depending on the size of the venue. Outdoor activities are still banned.

The public facilities, which have been closed for nearly three months, will be open for three days a week for five hours.

Museums, public exhibition galleries and libraries will open every Tuesday, Thursday and Sunday while private exhibition gallery owners will decide their opening hours.",2020-06-13,2020-06-15,NA,"Brunei","BRN","BN","National",1,NA,NA,"Restriction and Regulation of Government Services","Restrictions on ridership of buses",NA,"","Brunei",NA,NA,NA,NA,NA,"All Residents (Citizen Residents + Foreign Residents)",NA,NA,"Mandatory with Fines","National Government,Ministry/Department of Health",NA,NA,NA,NA,"https://thescoop.co/2020/06/01/covid-19-live-updates-4/",2020-09-24,"2020-09-24 15:33:59"
"179","R_1JDx3A6QqMlD3GFEl",90788,"new_entry","original","NA",NA,"Brunei government will reopen senior citizen centres, museums, exhibition galleries and libraries on June 15.

For museums, exhibition galleries and libraries, group activities are allowed but limited to 30 people depending on the size of the venue. Outdoor activities are still banned.

The public facilities, which have been closed for nearly three months, will be open for three days a week for five hours.

Museums, public exhibition galleries and libraries will open every Tuesday, Thursday and Sunday while private exhibition gallery owners will decide their opening hours.",2020-06-13,2020-06-15,NA,"Brunei","BRN","BN","National",1,NA,NA,"Restriction and Regulation of Government Services","Restrictions ridership of other forms of public transportation (please include details in the text entry)",NA,"","Brunei",NA,NA,NA,NA,NA,"All Residents (Citizen Residents + Foreign Residents)",NA,NA,"Mandatory with Fines","National Government,Ministry/Department of Health",NA,NA,NA,NA,"https://thescoop.co/2020/06/01/covid-19-live-updates-4/",2020-09-24,"2020-09-24 15:33:59"
"180","R_1JDx3A6QqMlD3GFAq",90788,"new_entry","original","NA",NA,"Brunei government will reopen senior citizen centres, museums, exhibition galleries and libraries on June 15.

For museums, exhibition galleries and libraries, group activities are allowed but limited to 30 people depending on the size of the venue. Outdoor activities are still banned.

The public facilities, which have been closed for nearly three months, will be open for three days a week for five hours.

Museums, public exhibition galleries and libraries will open every Tuesday, Thursday and Sunday while private exhibition gallery owners will decide their opening hours.",2020-06-13,2020-06-15,NA,"Brunei","BRN","BN","National",1,NA,NA,"Restriction and Regulation of Government Services","82800",NA,"","Brunei",NA,NA,NA,NA,NA,"All Residents (Citizen Residents + Foreign Residents)",NA,NA,"Mandatory with Fines","National Government,Ministry/Department of Health",NA,NA,NA,NA,"https://thescoop.co/2020/06/01/covid-19-live-updates-4/",2020-09-24,"2020-09-24 15:33:59"
"181","R_1JDx3A6QqMlD3GFAd",90788,"new_entry","original","NA",NA,"Brunei government will reopen senior citizen centres, museums, exhibition galleries and libraries on June 15.

For museums, exhibition galleries and libraries, group activities are allowed but limited to 30 people depending on the size of the venue. Outdoor activities are still banned.

The public facilities, which have been closed for nearly three months, will be open for three days a week for five hours.

Museums, public exhibition galleries and libraries will open every Tuesday, Thursday and Sunday while private exhibition gallery owners will decide their opening hours.",2020-06-13,2020-06-15,NA,"Brunei","BRN","BN","National",1,NA,NA,"Restriction and Regulation of Government Services","21600",NA,"","Brunei",NA,NA,NA,NA,NA,"All Residents (Citizen Residents + Foreign Residents)",NA,NA,"Mandatory with Fines","National Government,Ministry/Department of Health",NA,NA,NA,NA,"https://thescoop.co/2020/06/01/covid-19-live-updates-4/",2020-09-24,"2020-09-24 15:33:59"
"182","R_1JDx3A6QqMlD3GFDn",90788,"new_entry","original","NA",NA,"Brunei government will reopen senior citizen centres, museums, exhibition galleries and libraries on June 15.

For museums, exhibition galleries and libraries, group activities are allowed but limited to 30 people depending on the size of the venue. Outdoor activities are still banned.

The public facilities, which have been closed for nearly three months, will be open for three days a week for five hours.

Museums, public exhibition galleries and libraries will open every Tuesday, Thursday and Sunday while private exhibition gallery owners will decide their opening hours.",2020-06-13,2020-06-15,NA,"Brunei","BRN","BN","National",1,NA,NA,"Restriction and Regulation of Government Services","Preschool or childcare facilities (generally for children ages 5 and below)",NA,"","Brunei",NA,NA,NA,NA,NA,"All Residents (Citizen Residents + Foreign Residents)",NA,NA,"Mandatory with Fines","National Government,Ministry/Department of Health",NA,NA,NA,NA,"https://thescoop.co/2020/06/01/covid-19-live-updates-4/",2020-09-24,"2020-09-24 15:33:59"
"183","R_1JDx3A6QqMlD3GFDp",90788,"new_entry","original","NA",NA,"Brunei government will reopen senior citizen centres, museums, exhibition galleries and libraries on June 15.

For museums, exhibition galleries and libraries, group activities are allowed but limited to 30 people depending on the size of the venue. Outdoor activities are still banned.

The public facilities, which have been closed for nearly three months, will be open for three days a week for five hours.

Museums, public exhibition galleries and libraries will open every Tuesday, Thursday and Sunday while private exhibition gallery owners will decide their opening hours.",2020-06-13,2020-06-15,NA,"Brunei","BRN","BN","National",1,NA,NA,"Restriction and Regulation of Government Services","Primary Schools (generally for children ages 10 and below)",NA,"","Brunei",NA,NA,NA,NA,NA,"All Residents (Citizen Residents + Foreign Residents)",NA,NA,"Mandatory with Fines","National Government,Ministry/Department of Health",NA,NA,NA,NA,"https://thescoop.co/2020/06/01/covid-19-live-updates-4/",2020-09-24,"2020-09-24 15:33:59"
"184","R_1JDx3A6QqMlD3GFEn",90788,"new_entry","original","NA",NA,"Brunei government will reopen senior citizen centres, museums, exhibition galleries and libraries on June 15.

For museums, exhibition galleries and libraries, group activities are allowed but limited to 30 people depending on the size of the venue. Outdoor activities are still banned.

The public facilities, which have been closed for nearly three months, will be open for three days a week for five hours.

Museums, public exhibition galleries and libraries will open every Tuesday, Thursday and Sunday while private exhibition gallery owners will decide their opening hours.",2020-06-13,2020-06-15,NA,"Brunei","BRN","BN","National",1,NA,NA,"Restriction and Regulation of Government Services","Secondary Schools (generally for children ages 10 to 18)",NA,"","Brunei",NA,NA,NA,NA,NA,"All Residents (Citizen Residents + Foreign Residents)",NA,NA,"Mandatory with Fines","National Government,Ministry/Department of Health",NA,NA,NA,NA,"https://thescoop.co/2020/06/01/covid-19-live-updates-4/",2020-09-24,"2020-09-24 15:33:59"
"185","R_1JDx3A6QqMlD3GFBy",90788,"new_entry","original","NA",NA,"Brunei government will reopen senior citizen centres, museums, exhibition galleries and libraries on June 15.

For museums, exhibition galleries and libraries, group activities are allowed but limited to 30 people depending on the size of the venue. Outdoor activities are still banned.

The public facilities, which have been closed for nearly three months, will be open for three days a week for five hours.

Museums, public exhibition galleries and libraries will open every Tuesday, Thursday and Sunday while private exhibition gallery owners will decide their opening hours.",2020-06-13,2020-06-15,NA,"Brunei","BRN","BN","National",1,NA,NA,"Restriction and Regulation of Government Services","Higher education institutions (i.e. degree granting institutions)",NA,"","Brunei",NA,NA,NA,NA,NA,"All Residents (Citizen Residents + Foreign Residents)",NA,NA,"Mandatory with Fines","National Government,Ministry/Department of Health",NA,NA,NA,NA,"https://thescoop.co/2020/06/01/covid-19-live-updates-4/",2020-09-24,"2020-09-24 15:33:59"
"186","R_1JDx3A6QqMlD3GFEe",90788,"new_entry","original","NA",NA,"Brunei government will reopen senior citizen centres, museums, exhibition galleries and libraries on June 15.

For museums, exhibition galleries and libraries, group activities are allowed but limited to 30 people depending on the size of the venue. Outdoor activities are still banned.

The public facilities, which have been closed for nearly three months, will be open for three days a week for five hours.

Museums, public exhibition galleries and libraries will open every Tuesday, Thursday and Sunday while private exhibition gallery owners will decide their opening hours.",2020-06-13,2020-06-15,NA,"Brunei","BRN","BN","National",1,NA,NA,"Restriction and Regulation of Government Services","Regulations on government meetings (including e.g. suspension of parliament)",NA,"","Brunei",NA,NA,NA,NA,NA,"All Residents (Citizen Residents + Foreign Residents)",NA,NA,"Mandatory with Fines","National Government,Ministry/Department of Health",NA,NA,NA,NA,"https://thescoop.co/2020/06/01/covid-19-live-updates-4/",2020-09-24,"2020-09-24 15:33:59"
"187","R_1JDx3A6QqMlD3GFCq",90788,"new_entry","original","NA",NA,"Brunei government will reopen senior citizen centres, museums, exhibition galleries and libraries on June 15.

For museums, exhibition galleries and libraries, group activities are allowed but limited to 30 people depending on the size of the venue. Outdoor activities are still banned.

The public facilities, which have been closed for nearly three months, will be open for three days a week for five hours.

Museums, public exhibition galleries and libraries will open every Tuesday, Thursday and Sunday while private exhibition gallery owners will decide their opening hours.",2020-06-13,2020-06-15,NA,"Brunei","BRN","BN","National",1,NA,NA,"Restriction and Regulation of Government Services","Non-Essential Commercial Businesses",NA,"","Brunei",NA,NA,NA,NA,NA,"All Residents (Citizen Residents + Foreign Residents)",NA,NA,"Mandatory with Fines","National Government,Ministry/Department of Health",NA,NA,NA,NA,"https://thescoop.co/2020/06/01/covid-19-live-updates-4/",2020-09-24,"2020-09-24 15:33:59"
"188","R_1JDx3A6QqMlD3GFCm",90788,"new_entry","original","NA",NA,"Brunei government will reopen senior citizen centres, museums, exhibition galleries and libraries on June 15.

For museums, exhibition galleries and libraries, group activities are allowed but limited to 30 people depending on the size of the venue. Outdoor activities are still banned.

The public facilities, which have been closed for nearly three months, will be open for three days a week for five hours.

Museums, public exhibition galleries and libraries will open every Tuesday, Thursday and Sunday while private exhibition gallery owners will decide their opening hours.",2020-06-13,2020-06-15,NA,"Brunei","BRN","BN","National",1,NA,NA,"Restriction and Regulation of Government Services","Masks",NA,"","Brunei",NA,NA,NA,NA,NA,"All Residents (Citizen Residents + Foreign Residents)",NA,NA,"Mandatory with Fines","National Government,Ministry/Department of Health",NA,NA,NA,NA,"https://thescoop.co/2020/06/01/covid-19-live-updates-4/",2020-09-24,"2020-09-24 15:33:59"
"189","R_1JDx3A6QqMlD3GFCb",90788,"new_entry","original","NA",NA,"Brunei government will reopen senior citizen centres, museums, exhibition galleries and libraries on June 15.

For museums, exhibition galleries and libraries, group activities are allowed but limited to 30 people depending on the size of the venue. Outdoor activities are still banned.

The public facilities, which have been closed for nearly three months, will be open for three days a week for five hours.

Museums, public exhibition galleries and libraries will open every Tuesday, Thursday and Sunday while private exhibition gallery owners will decide their opening hours.",2020-06-13,2020-06-15,NA,"Brunei","BRN","BN","National",1,NA,NA,"Restriction and Regulation of Government Services","Hygiene measures for public areas",NA,"","Brunei",NA,NA,NA,NA,NA,"All Residents (Citizen Residents + Foreign Residents)",NA,NA,"Mandatory with Fines","National Government,Ministry/Department of Health",NA,NA,NA,NA,"https://thescoop.co/2020/06/01/covid-19-live-updates-4/",2020-09-24,"2020-09-24 15:33:59"
"190","R_1JDx3A6QqMlD3GFBj",90788,"new_entry","original","NA",NA,"Brunei government will reopen senior citizen centres, museums, exhibition galleries and libraries on June 15.

For museums, exhibition galleries and libraries, group activities are allowed but limited to 30 people depending on the size of the venue. Outdoor activities are still banned.

The public facilities, which have been closed for nearly three months, will be open for three days a week for five hours.

Museums, public exhibition galleries and libraries will open every Tuesday, Thursday and Sunday while private exhibition gallery owners will decide their opening hours.",2020-06-13,2020-06-15,NA,"Brunei","BRN","BN","National",1,NA,NA,"Restriction and Regulation of Government Services","Disseminating information related to COVID-19 to the public that is reliable and factually accurate",NA,"","Brunei",NA,NA,NA,NA,NA,"All Residents (Citizen Residents + Foreign Residents)",NA,NA,"Mandatory with Fines","National Government,Ministry/Department of Health",NA,NA,NA,NA,"https://thescoop.co/2020/06/01/covid-19-live-updates-4/",2020-09-24,"2020-09-24 15:33:59"
"191","R_1JDx3A6QqMlD3GFCp",90788,"new_entry","original","NA",NA,"Brunei government will reopen senior citizen centres, museums, exhibition galleries and libraries on June 15.

For museums, exhibition galleries and libraries, group activities are allowed but limited to 30 people depending on the size of the venue. Outdoor activities are still banned.

The public facilities, which have been closed for nearly three months, will be open for three days a week for five hours.

Museums, public exhibition galleries and libraries will open every Tuesday, Thursday and Sunday while private exhibition gallery owners will decide their opening hours.",2020-06-13,2020-06-15,NA,"Brunei","BRN","BN","National",1,NA,NA,"Restriction and Regulation of Government Services","New Task Force or Bureau (i.e. establishment of a temporary body)",NA,"","Brunei",NA,NA,NA,NA,NA,"All Residents (Citizen Residents + Foreign Residents)",NA,NA,"Mandatory with Fines","National Government,Ministry/Department of Health",NA,NA,NA,NA,"https://thescoop.co/2020/06/01/covid-19-live-updates-4/",2020-09-24,"2020-09-24 15:33:59"
"192","R_29txS9DFQPYE9D1Dc",8018897,"new_entry","original","NA",NA,"Brunei health ministry advises against mass gatherings",2020-03-12,2020-03-12,NA,"Brunei","BRN","BN","National",1,NA,NA,"Restrictions of Mass Gatherings","Other mass gatherings not specified above restricted",NA,"","Brunei",NA,NA,NA,NA,NA,"All Residents (Citizen Residents + Foreign Residents)",NA,NA,"Voluntary/Recommended but No Penalties","National Government",52.6369711927744,51.5923948630928,50.4546221471308,146,"https://thescoop.co/2020/03/12/coronavirus-fear-grips-brunei-as-number-of-cases-rise-to-11-within-days/",2020-04-07,"2020-04-07 20:53:26"
"193","R_26me4PYY6lVMvf8Dc",6048137,"new_entry","original","NA",NA,"Brunei Friday prayers to be shortened",2020-03-13,2020-03-13,2020-04-13,"Brunei","BRN","BN","National",1,NA,NA,"Restrictions of Mass Gatherings","Other mass gatherings not specified above restricted",NA,"","Brunei",NA,NA,NA,NA,NA,"All Residents (Citizen Residents + Foreign Residents)",NA,NA,"Mandatory (Unspecified/Implied)","Other (Please specify in the text box)",52.8039454003825,51.868827687387,50.7354400288677,148,"https://thescoop.co/2020/03/13/covid-19-cases-more-than-double-to-reach-25/",2020-04-08,"2020-04-08 23:04:50"
"194","R_2YfznH3yb66B6N9Dc",8018897,"update","original","NA","Strengthening","Brunei forbids large public gatherings and events",2020-03-13,2020-03-13,NA,"Brunei","BRN","BN","National",1,NA,NA,"Restrictions of Mass Gatherings","Other mass gatherings not specified above restricted",NA,"","Brunei",NA,NA,NA,NA,NA,"All Residents (Citizen Residents + Foreign Residents)",NA,NA,"Mandatory (Unspecified/Implied)","Ministry/Department of Health",52.8039454003825,51.868827687387,50.7354400288677,148,"https://thescoop.co/2020/03/13/covid-19-live-updates/3/",2020-04-09,"2020-04-09 16:14:00"
"195","R_1DUPRu45zXtCxcWDc",6048137,"update","original","NA","Strengthening","Brunei temporarily closes All Mosques, Surau And Religious Halls for one week",2020-03-16,2020-03-17,2020-04-13,"Brunei","BRN","BN","National",1,NA,NA,"Restrictions of Mass Gatherings","Other mass gatherings not specified above restricted",NA,"","Brunei",NA,NA,NA,NA,NA,"All Residents (Citizen Residents + Foreign Residents)",NA,NA,"Mandatory (Unspecified/Implied)","National Government,Other (Please specify in the text box)",54.3205538622815,52.5389491221421,50.7944855590366,141,"https://www.brudirect.com/news.php?id=89306",2020-04-09,"2020-04-09 10:13:59"
"196","R_23fo3UD8n7srBKaDc",8923268,"new_entry","original","NA",NA,"Brunei encourages recipients of pensions and monthly welfare assistance to receive their monthly payments through their bank accounts as a precautionary measure to prevent the spread of COVID19",2020-03-18,2020-03-18,NA,"Brunei","BRN","BN","National",1,NA,NA,"Restrictions of Mass Gatherings","Other mass gatherings not specified above restricted",NA,"",NA,NA,NA,NA,NA,NA,"All Residents (Citizen Residents + Foreign Residents)",NA,NA,"Voluntary/Recommended but No Penalties","National Government",54.3948705406975,52.8865285485413,51.0270312841885,154,"https://thescoop.co/2020/03/13/covid-19-live-updates/3/",2020-04-15,"2020-04-15 12:27:03"
"197","R_3Ed5kqgNsOSrUQNDc",6048137,"update","original","NA","Strengthening","The closure of all Bruneian mosques, which started on March 17, will continue until March 30",2020-03-23,2020-03-23,2020-04-13,"Brunei","BRN","BN","National",0,NA,NA,"Restrictions of Mass Gatherings","Other mass gatherings not specified above restricted",NA,"","Brunei",NA,NA,NA,NA,NA,"All Residents (Citizen Residents + Foreign Residents)",NA,NA,"Mandatory (Unspecified/Implied)","National Government",55.8162451844638,54.1530288145438,52.655385160594,179,"https://thescoop.co/2020/03/13/covid-19-live-updates/2/",2020-04-16,"2020-04-16 22:04:18"
"198","R_278YaA9T5DWUSGFDc",6048137,"update","original","NA","Strengthening","All Bruneian mosques will be closed until April 6",2020-03-30,2020-03-30,2020-04-13,"Brunei","BRN","BN","National",0,NA,NA,"Restrictions of Mass Gatherings","Other mass gatherings not specified above restricted",NA,"","Brunei",NA,NA,NA,NA,NA,"All Residents (Citizen Residents + Foreign Residents)",NA,NA,"Mandatory (Unspecified/Implied)","National Government",57.8023899594592,54.1048051537989,51.0674125994315,169,"https://thescoop.co/2020/03/13/covid-19-live-updates/",2020-04-26,"2020-04-26 23:21:42"
"199","R_wNzALd4E1mHeNotDc",3915274,"new_entry","original","NA",NA,"Brunei cancels traditional Gerai Ramadan bazaars",2020-04-06,2020-04-06,NA,"Brunei","BRN","BN","National",1,NA,NA,"Restrictions of Mass Gatherings","Other mass gatherings not specified above restricted",NA,"","Brunei",NA,NA,NA,NA,NA,"All Residents (Citizen Residents + Foreign Residents)",NA,NA,"Mandatory (Unspecified/Implied)","National Government,Ministry/Department of Health",58.3655430804158,54.369692816017,50.4064337824231,170,"https://thescoop.co/2020/04/04/covid-19-live-updates-2/",2020-04-28,"2020-04-28 19:18:24"
"200","R_25zORaY1JABCs5oDc",6048137,"update","original","Change of Policy","Strengthening","All Bruneian mosques will be closed until April 13th",2020-04-06,2020-04-06,2020-04-13,"Brunei","BRN","BN","National",0,NA,NA,"Restrictions of Mass Gatherings","Other mass gatherings not specified above restricted",NA,"","Brunei",NA,NA,NA,NA,NA,"All Residents (Citizen Residents + Foreign Residents)",NA,NA,"Mandatory (Unspecified/Implied)","National Government",58.3655430804158,54.369692816017,50.4064337824231,170,"https://thescoop.co/2020/04/04/covid-19-live-updates-2/",2020-04-28,"2020-04-28 19:20:52"
"201","R_1GJIFF3Tb4nQ6XoDc",6918026,"new_entry","original","NA",NA,"In Brunei, Ministery of Religious Affairs calls for tarawih prayers to be held at home during Ramadan as mosque closure extended",2020-04-20,2020-04-20,NA,"Brunei","BRN","BN","National",1,NA,NA,"Restrictions of Mass Gatherings","Other mass gatherings not specified above restricted",NA,"","Brunei",NA,NA,NA,NA,NA,"All Residents (Citizen Residents + Foreign Residents)",NA,NA,"Mandatory (Unspecified/Implied)","Other (Please specify in the text box)",60.0029634598934,54.0898810806002,48.7769956127698,154,"https://thescoop.co/2020/04/04/covid-19-live-updates-2/",2020-06-27,"2020-06-27 13:56:36"
"202","R_3n6PK4MFTsnlTZlDc",6918026,"update","original","Change of Policy","Relaxing","In Brunei, The Ministry of Health has limited religious activities such as tahlil, tarawih prayers, and doa Selamat to a maximum of 30 people at home, depending on the size of the house.",2020-04-23,2020-04-23,NA,"Brunei","BRN","BN","National",1,NA,NA,"Restrictions of Mass Gatherings","Other mass gatherings not specified above restricted",NA,"","Brunei",NA,NA,NA,NA,NA,"All Residents (Citizen Residents + Foreign Residents)",NA,NA,"Mandatory (Unspecified/Implied)","Other (Please specify in the text box)",60.2107832889712,54.2323448164244,48.428238139697,160,"https://thescoop.co/2020/04/04/covid-19-live-updates-2/",2020-07-04,"2020-07-04 08:51:37"
"203","R_sFrJKAS7obJUufDDc",9143360,"new_entry","original","NA",NA,"Brunei Ministry of Health warned Brunei citizens regarding mass gathering; """"in relation to the purchase of food, beverage and other items in restaurants, supermarkets, markets and grocery stores, the Ministry of Health would like to remind the public to continue to carry out their social responsibilities and to apply preventive measures especially when making purchases. It is especially important not to visit one location in large crowds.''",2020-04-30,2020-04-30,NA,"Brunei","BRN","BN","National",1,NA,NA,"Restrictions of Mass Gatherings","Other mass gatherings not specified above restricted",NA,"","Brunei",NA,NA,NA,NA,NA,"All Residents (Citizen Residents + Foreign Residents)",NA,NA,"Voluntary/Recommended but No Penalties","Ministry/Department of Health",NA,NA,NA,NA,"https://thescoop.co/2020/04/04/covid-19-live-updates-2/",2020-06-19,"2020-06-19 14:28:06"
"204","R_DkRoxFXMIBXWhVvDc",8596001,"new_entry","original","NA",NA,"In Brunei, mosques, suraus, and other religious halls will reopen for Friday prayers from May 29 with safeguards in place. Precautions include requiring visitors to use the contact tracing application and limiting entry to men above 15 years old. Individuals caught breaching regulations could face a BND 10,000 (USD 7,100) fine and six months' imprisonment.",2020-05-19,2020-05-29,NA,"Brunei","BRN","BN","National",1,NA,NA,"Restrictions of Mass Gatherings","Other mass gatherings not specified above restricted",NA,"","Brunei",NA,NA,NA,NA,NA,"All Residents (Citizen Residents + Foreign Residents)",NA,NA,"Mandatory with Legal Penalties (Jail Time),Mandatory with Fines","National Government,Ministry/Department of Health,Police,New (COVID-19 specific) Task Force",NA,NA,NA,NA,"https://www.worldaware.com/covid-19-alert-brunei-eases-some-business-public-facilities-restrictions-may-19",2020-09-23,"2020-09-23 15:23:16"
"205","R_2Ck4YacEGDBUKQXDc",6918026,"update","original","End of Policy","Relaxing","The religious affairs minister announced that mosques will reopen to Friday prayer congregants on May 29, nearly 10 weeks after places of worship were shut to stem the spread of COVID-19.

",2020-05-04,2020-05-29,NA,"Brunei","BRN","BN","National",0,NA,NA,"Restrictions of Mass Gatherings","Other mass gatherings not specified above restricted",NA,"","Brunei",NA,NA,NA,NA,NA,"All Residents (Citizen Residents + Foreign Residents)",NA,NA,"Mandatory (Unspecified/Implied)","Other (Please specify in the text box)",NA,NA,NA,NA,"https://thescoop.co/2020/04/04/covid-19-live-updates-2/",2020-07-05,"2020-07-05 21:07:06"
"206","R_268RFa2VtamGKNKDc",5585064,"new_entry","original","NA",NA,"To facilitate crowd control, mosques in Brunei will open half an hour earlier for June 5's Friday prayers, the gates will be closed once the sermon is delivered and before the second call to prayer. Only those issued with a green health code on the BruHealth app can attend mosque prayers",2020-06-03,2020-06-05,NA,"Brunei","BRN","BN","National",1,NA,NA,"Restrictions of Mass Gatherings","Other mass gatherings not specified above restricted",NA,"","Brunei",NA,NA,NA,NA,NA,"All Residents (Citizen Residents + Foreign Residents)",NA,NA,"Mandatory (Unspecified/Implied)","National Government,Ministry/Department of Health",NA,NA,NA,NA,"https://thescoop.co/2020/06/01/covid-19-live-updates-4/",2020-09-24,"2020-09-24 14:07:03"
"207","R_3hxBkw35lKkXRbADc",7663295,"new_entry","original","NA",NA,"Brunei allows Wedding ceremonies can still be held with up to 30 attendees from June 6.",2020-06-06,2020-06-06,NA,"Brunei","BRN","BN","National",1,NA,NA,"Restrictions of Mass Gatherings","Other mass gatherings not specified above restricted",NA,"","Brunei",NA,NA,NA,NA,NA,"All Residents (Citizen Residents + Foreign Residents)",NA,NA,"Mandatory with Legal Penalties (Jail Time),Mandatory with Fines","National Government,Ministry/Department of Health",NA,NA,NA,NA,"https://thescoop.co/2020/06/01/covid-19-live-updates-4/",2020-09-24,"2020-09-24 14:40:36"
"208","R_1mJc4K6BMmObjXSDc",6518291,"new_entry","original","NA",NA,"In Brunei. large group activities such as walkathons and runs are still not allowed but the public can participate in individual recreational activities. Vendors will be permitted to operate at Bandarku Ceria on June 7.

",2020-06-06,2020-06-07,NA,"Brunei","BRN","BN","National",1,NA,NA,"Restrictions of Mass Gatherings","Other mass gatherings not specified above restricted",NA,"","Brunei",NA,NA,NA,NA,NA,"All Residents (Citizen Residents + Foreign Residents)",NA,NA,"Mandatory with Fines","National Government,Ministry/Department of Health",NA,NA,NA,NA,"https://thescoop.co/2020/06/01/covid-19-live-updates-4/",2020-09-24,"2020-09-24 14:53:06"
"209","R_xDaL9gxcRw1Lw0pDc",8596001,"update","original","Change of Policy","Relaxing","In Brunei, mosques, suraus, and other religious halls will reopen for Friday prayers from May 29 with safeguards in place. Precautions include requiring visitors to use the contact tracing application and limiting entry to men above 15 years old. Individuals caught breaching regulations could face a BND 10,000 (USD 7,100) fine and six months' imprisonment.

Mosques, surau and religious halls will be able to conduct group activities from July 6 as part of the third phase of the de-escalation plan, Al-Quran and Muqaddam classes are still not permitted, and group activities at places of worship are allowed for one hour and as long as the number of people does not exceed 50 people.",2020-07-02,2020-07-02,NA,"Brunei","BRN","BN","National",1,NA,NA,"Restrictions of Mass Gatherings","Other mass gatherings not specified above restricted",NA,"","Brunei",NA,NA,NA,NA,NA,"All Residents (Citizen Residents + Foreign Residents)",NA,NA,"Mandatory with Legal Penalties (Jail Time),Mandatory with Fines","National Government,Ministry/Department of Health,Police,New (COVID-19 specific) Task Force",NA,NA,NA,NA,"https://www.worldaware.com/covid-19-alert-brunei-eases-some-business-public-facilities-restrictions-may-19",2020-09-26,"2020-09-26 04:03:56"
"210","R_2w6JSoD4KXsS3j2Dc",6431076,"new_entry","original","NA",NA,"The Brunei government will relax public and social gathering limits from 30 to 50 people as Brunei moves to the third phase of its coronavirus de-escalation plan on July 6. Gatherings that are permitted include weddings, religious and charity events and family get-togethers. 
",2020-07-01,2020-07-06,NA,"Brunei","BRN","BN","National",1,NA,NA,"Restrictions of Mass Gatherings","Other mass gatherings not specified above restricted",NA,"","Brunei",NA,NA,NA,NA,NA,"All Residents (Citizen Residents + Foreign Residents)",NA,NA,"Mandatory with Fines","National Government,Ministry/Department of Health",NA,NA,NA,NA,"https://thescoop.co/2020/06/01/covid-19-live-updates-4/",2020-09-26,"2020-09-26 03:04:50"
"211","R_2P5aJ7icJabEBh9Dc",7344079,"new_entry","original","NA",NA,"Mosques and places of worship in Brunei will be able to accommodate 80 percent of their full capacity at a time but worshippers must still observe physical distancing.

",2020-07-01,2020-07-06,NA,"Brunei","BRN","BN","National",1,NA,NA,"Restrictions of Mass Gatherings","Other mass gatherings not specified above restricted",NA,"","Brunei",NA,NA,NA,NA,NA,"All Residents (Citizen Residents + Foreign Residents)",NA,NA,"Mandatory with Fines","National Government,Ministry/Department of Health",NA,NA,NA,NA,"https://thescoop.co/2020/06/01/covid-19-live-updates-4/",2020-09-26,"2020-09-26 03:10:34"
"212","R_3R6Tz9IfauQfjFLDc",3765279,"update","original","Change of Policy","Relaxing","Brunei: gyms, fitness centres, indoor and outdoor sports facilities are now permitted to operate at 60 percent capacity from 15 June, each user must make advance bookings at gyms and sports facilities as well as download the BruHealth application for QR code registration.

Gyms, fitness centers, indoor sports facilities and outdoor sports facilities will now be allowed to operate at 90 percent (July 6) capacity from the previous 60 percent",2020-07-01,2020-07-06,NA,"Brunei","BRN","BN","National",1,NA,NA,"Restrictions of Mass Gatherings","Other mass gatherings not specified above restricted",NA,"","Brunei",NA,NA,NA,NA,NA,"All Residents (Citizen Residents + Foreign Residents)",NA,NA,"Mandatory with Fines","National Government,Ministry/Department of Health",NA,NA,NA,NA,"https://thescoop.co/2020/06/01/covid-19-live-updates-4/",2020-09-26,"2020-09-26 03:41:09"
"213","R_2zirmQ093WoOTIqDc",4122192,"update","original","Change of Policy","Relaxing","Brunei allows Child care and special needs centres can restart their operations on June 8 as part of the government’s first phase of de-escalation plan in loosening coronavirus restrictions, at 30 percent of their full capacity at a time.

Starting July 6, childcare centres can operate at 60 percent of their capacity compared to the previous 30 percent.",2020-07-01,2020-07-06,NA,"Brunei","BRN","BN","National",1,NA,NA,"Restrictions of Mass Gatherings","Other mass gatherings not specified above restricted",NA,"","Brunei",NA,NA,NA,NA,NA,"All Residents (Citizen Residents + Foreign Residents)",NA,NA,"Mandatory with Fines","National Government,Ministry/Department of Health",NA,NA,NA,NA,"https://thescoop.co/2020/06/01/covid-19-live-updates-4/",2020-09-26,"2020-09-26 03:46:46"
"214","R_1g2yMUMgaeNECwhDc",6431076,"update","original","End of Policy",NA,"The Brunei government will relax public and social gathering limits from 30 to 50 people as Brunei moves to the third phase of its coronavirus de-escalation plan on July 6. Gatherings that are permitted include weddings, religious and charity events and family get-togethers. 
",2020-07-22,2020-07-27,NA,"Brunei","BRN","BN","National",0,NA,NA,"Restrictions of Mass Gatherings","Other mass gatherings not specified above restricted",NA,"","Brunei",NA,NA,NA,NA,NA,"All Residents (Citizen Residents + Foreign Residents)",NA,NA,"Mandatory with Fines","National Government,Ministry/Department of Health",NA,NA,NA,NA,"https://thescoop.co/2020/06/01/covid-19-live-updates-4/",2020-09-28,"2020-09-28 14:37:23"
"215","R_0rjFIX8ZdVwVFoBDc",9169285,"new_entry","original","NA",NA,"Commencing on 17 August 2020, Mass Gathering in Brunei will be permitted but is limited to not more than 200 people only. 
",2020-08-13,2020-08-17,NA,"Brunei","BRN","BN","National",1,NA,NA,"Restrictions of Mass Gatherings","Other mass gatherings not specified above restricted",NA,"","Brunei",NA,NA,NA,NA,NA,"All Residents (Citizen Residents + Foreign Residents)",NA,NA,"Mandatory with Legal Penalties (Jail Time),Mandatory with Fines","National Government,Ministry/Department of Health",NA,NA,NA,NA,"http://www.moh.gov.bn/Shared%20Documents/2019%20ncov/press%20releases/PR%20reduction%20of%20social%20distancing%20measures%20based%20on%20the%20current%20situation%20of%20COVID-19%20in%20Brunei%20Darussalam%20(13.08.2020).pdf",2020-09-28,"2020-09-28 15:10:58"
"216","R_sGXmNEX4sQg1bUZDc",5857993,"new_entry","original","NA",NA,"Increasing the capacity for Mass Gathering from 200 people to 350 people in Brunei from 7 September.",2020-09-03,2020-09-07,NA,"Brunei","BRN","BN","National",1,NA,NA,"Restrictions of Mass Gatherings","Other mass gatherings not specified above restricted",NA,"","Brunei",NA,NA,NA,NA,NA,"All Residents (Citizen Residents + Foreign Residents)",NA,NA,"Mandatory with Legal Penalties (Jail Time),Mandatory with Fines","National Government,Ministry/Department of Health",NA,NA,NA,NA,"http://www.moh.gov.bn/Shared%20Documents/2019%20ncov/press%20releases/Media%20statement%20on%20the%20current%20situation%20of%20COVID-19%20in%20Brunei%20Darussalam%20(03.09.2020).pdf",2020-09-28,"2020-09-28 15:39:03"
"217","R_3FV82uJBeoxYePuDc",4102617,"update","original","Change of Policy","Relaxing","Arcade and Playground (indoor and outdoor) in Brunei will be permitted
to operate at 60% capacity of their normal capacity at any one
time.",2020-09-24,2020-09-28,NA,"Brunei","BRN","BN","National",1,NA,NA,"Restrictions of Mass Gatherings","Other mass gatherings not specified above restricted",NA,"","Brunei",NA,NA,NA,NA,NA,"All Residents (Citizen Residents + Foreign Residents)",NA,NA,"Mandatory with Legal Penalties (Jail Time),Mandatory with Fines","National Government,Ministry/Department of Health",NA,NA,NA,NA,"http://www.moh.gov.bn/Shared%20Documents/2019%20ncov/press%20releases/PR%20reduction%20of%20social%20distancing%20measures%20based%20on%20the%20current%20situation%20of%20COVID-19%20in%20Brunei%20Darussalam%20(13.08.2020).pdf",2020-09-30,"2020-09-30 14:01:39"
"218","R_WumrCMk1ddFEp2xCh",8856731,"new_entry","original","NA",NA,"Brunie government warned their citizens regarding social distance; """"in relation to the purchase of food, beverage and other items in restaurants, supermarkets, markets and grocery stores, the Ministry of Health would like to remind the public to continue to carry out their social responsibilities and to apply preventive measures especially when making purchases. It is especially important to always practice physical distancing as previously emphasised and not to visit one location in large crowds.""""",2020-04-30,2020-04-30,NA,"Brunei","BRN","BN","National",1,NA,NA,"Social Distancing","Keeping a distance of at least 6 feet or 1.5 meters apart",NA,"","Brunei",NA,NA,NA,NA,NA,"All Residents (Citizen Residents + Foreign Residents)",NA,NA,"Voluntary/Recommended but No Penalties","Ministry/Department of Health",NA,NA,NA,NA,"https://thescoop.co/2020/04/04/covid-19-live-updates-2/",2020-06-19,"2020-06-19 14:02:43"
"219","R_WumrCMk1ddFEp2xEi",8856731,"new_entry","original","NA",NA,"Brunie government warned their citizens regarding social distance; """"in relation to the purchase of food, beverage and other items in restaurants, supermarkets, markets and grocery stores, the Ministry of Health would like to remind the public to continue to carry out their social responsibilities and to apply preventive measures especially when making purchases. It is especially important to always practice physical distancing as previously emphasised and not to visit one location in large crowds.""""",2020-04-30,2020-04-30,NA,"Brunei","BRN","BN","National",1,NA,NA,"Social Distancing","Restrictions on ridership of buses",NA,"","Brunei",NA,NA,NA,NA,NA,"All Residents (Citizen Residents + Foreign Residents)",NA,NA,"Voluntary/Recommended but No Penalties","Ministry/Department of Health",NA,NA,NA,NA,"https://thescoop.co/2020/04/04/covid-19-live-updates-2/",2020-06-19,"2020-06-19 14:02:43"
"220","R_WumrCMk1ddFEp2xEl",8856731,"new_entry","original","NA",NA,"Brunie government warned their citizens regarding social distance; """"in relation to the purchase of food, beverage and other items in restaurants, supermarkets, markets and grocery stores, the Ministry of Health would like to remind the public to continue to carry out their social responsibilities and to apply preventive measures especially when making purchases. It is especially important to always practice physical distancing as previously emphasised and not to visit one location in large crowds.""""",2020-04-30,2020-04-30,NA,"Brunei","BRN","BN","National",1,NA,NA,"Social Distancing","Restrictions ridership of other forms of public transportation (please include details in the text entry)",NA,"","Brunei",NA,NA,NA,NA,NA,"All Residents (Citizen Residents + Foreign Residents)",NA,NA,"Voluntary/Recommended but No Penalties","Ministry/Department of Health",NA,NA,NA,NA,"https://thescoop.co/2020/04/04/covid-19-live-updates-2/",2020-06-19,"2020-06-19 14:02:43"
"221","R_tQaQTqcYaHsYCo9Ch",2305358,"new_entry","original","NA",NA,"In Brunei the  Ministry of  Health would like to remind and emphasize the need for the public to continue to be vigilant and take precautions by adopting and cultivating preventive measures as it is especially recommended to continue physical distancing, not to go around in large crowds at any one place and to only leave the house when necessary.",2020-05-06,2020-05-06,NA,"Brunei","BRN","BN","National",1,NA,NA,"Social Distancing","Keeping a distance of at least 6 feet or 1.5 meters apart",NA,"","Brunei",NA,NA,NA,NA,NA,"All Residents (Citizen Residents + Foreign Residents)",NA,NA,"Voluntary/Recommended but No Penalties","Ministry/Department of Health",NA,NA,NA,NA,"https://thescoop.co/2020/05/01/covid-19-live-updates-3/",2020-07-05,"2020-07-05 21:41:56"
"222","R_tQaQTqcYaHsYCo9Ei",2305358,"new_entry","original","NA",NA,"In Brunei the  Ministry of  Health would like to remind and emphasize the need for the public to continue to be vigilant and take precautions by adopting and cultivating preventive measures as it is especially recommended to continue physical distancing, not to go around in large crowds at any one place and to only leave the house when necessary.",2020-05-06,2020-05-06,NA,"Brunei","BRN","BN","National",1,NA,NA,"Social Distancing","Restrictions on ridership of buses",NA,"","Brunei",NA,NA,NA,NA,NA,"All Residents (Citizen Residents + Foreign Residents)",NA,NA,"Voluntary/Recommended but No Penalties","Ministry/Department of Health",NA,NA,NA,NA,"https://thescoop.co/2020/05/01/covid-19-live-updates-3/",2020-07-05,"2020-07-05 21:41:56"
"223","R_tQaQTqcYaHsYCo9El",2305358,"new_entry","original","NA",NA,"In Brunei the  Ministry of  Health would like to remind and emphasize the need for the public to continue to be vigilant and take precautions by adopting and cultivating preventive measures as it is especially recommended to continue physical distancing, not to go around in large crowds at any one place and to only leave the house when necessary.",2020-05-06,2020-05-06,NA,"Brunei","BRN","BN","National",1,NA,NA,"Social Distancing","Restrictions ridership of other forms of public transportation (please include details in the text entry)",NA,"","Brunei",NA,NA,NA,NA,NA,"All Residents (Citizen Residents + Foreign Residents)",NA,NA,"Voluntary/Recommended but No Penalties","Ministry/Department of Health",NA,NA,NA,NA,"https://thescoop.co/2020/05/01/covid-19-live-updates-3/",2020-07-05,"2020-07-05 21:41:56"
"224","R_2Vt3faTi6ToAbLgCh",4410632,"new_entry","original","NA",NA,"Sports with singles matches are allowed to be played from June 3, for indoor and outdoor individual sports including badminton, squash, table tennis, cue sports, tennis, lawn bowling, petanque, archery and ten pin bowling, and contact sports are still not allowed. Owners of sports facilities must set up a reservation system that allows participants to make advance bookings.",2020-06-03,2020-06-03,NA,"Brunei","BRN","BN","National",1,NA,NA,"Social Distancing","Keeping a distance of at least 6 feet or 1.5 meters apart",NA,"","Brunei",NA,NA,NA,NA,NA,"All Residents (Citizen Residents + Foreign Residents)",NA,NA,"Mandatory with Fines","National Government,Ministry/Department of Health",NA,NA,NA,NA,"https://thescoop.co/2020/06/01/covid-19-live-updates-4/",2020-09-24,"2020-09-24 14:49:32"
"225","R_2Vt3faTi6ToAbLgEi",4410632,"new_entry","original","NA",NA,"Sports with singles matches are allowed to be played from June 3, for indoor and outdoor individual sports including badminton, squash, table tennis, cue sports, tennis, lawn bowling, petanque, archery and ten pin bowling, and contact sports are still not allowed. Owners of sports facilities must set up a reservation system that allows participants to make advance bookings.",2020-06-03,2020-06-03,NA,"Brunei","BRN","BN","National",1,NA,NA,"Social Distancing","Restrictions on ridership of buses",NA,"","Brunei",NA,NA,NA,NA,NA,"All Residents (Citizen Residents + Foreign Residents)",NA,NA,"Mandatory with Fines","National Government,Ministry/Department of Health",NA,NA,NA,NA,"https://thescoop.co/2020/06/01/covid-19-live-updates-4/",2020-09-24,"2020-09-24 14:49:32"
"226","R_2Vt3faTi6ToAbLgEl",4410632,"new_entry","original","NA",NA,"Sports with singles matches are allowed to be played from June 3, for indoor and outdoor individual sports including badminton, squash, table tennis, cue sports, tennis, lawn bowling, petanque, archery and ten pin bowling, and contact sports are still not allowed. Owners of sports facilities must set up a reservation system that allows participants to make advance bookings.",2020-06-03,2020-06-03,NA,"Brunei","BRN","BN","National",1,NA,NA,"Social Distancing","Restrictions ridership of other forms of public transportation (please include details in the text entry)",NA,"","Brunei",NA,NA,NA,NA,NA,"All Residents (Citizen Residents + Foreign Residents)",NA,NA,"Mandatory with Fines","National Government,Ministry/Department of Health",NA,NA,NA,NA,"https://thescoop.co/2020/06/01/covid-19-live-updates-4/",2020-09-24,"2020-09-24 14:49:32"
"227","R_2U58oblVwqf67rWCh",1856833,"new_entry","original","NA",NA,"Brunei health ministry is looking to reinforce public health legislation that will allow law enforcers to issue compound fines to those who flout social distancing measures. Those who break public health rules may have to settle fines of up to $10,000 under the Infectious Diseases Act.",2020-06-05,2020-06-05,NA,"Brunei","BRN","BN","National",1,NA,NA,"Social Distancing","Keeping a distance of at least 6 feet or 1.5 meters apart",NA,"","Brunei",NA,NA,NA,NA,NA,"All Residents (Citizen Residents + Foreign Residents)",NA,NA,"Mandatory with Fines","National Government,Ministry/Department of Health,New (COVID-19 specific) Task Force",NA,NA,NA,NA,"https://thescoop.co/2020/06/01/covid-19-live-updates-4/",2020-09-24,"2020-09-24 14:36:19"
"228","R_2U58oblVwqf67rWEi",1856833,"new_entry","original","NA",NA,"Brunei health ministry is looking to reinforce public health legislation that will allow law enforcers to issue compound fines to those who flout social distancing measures. Those who break public health rules may have to settle fines of up to $10,000 under the Infectious Diseases Act.",2020-06-05,2020-06-05,NA,"Brunei","BRN","BN","National",1,NA,NA,"Social Distancing","Restrictions on ridership of buses",NA,"","Brunei",NA,NA,NA,NA,NA,"All Residents (Citizen Residents + Foreign Residents)",NA,NA,"Mandatory with Fines","National Government,Ministry/Department of Health,New (COVID-19 specific) Task Force",NA,NA,NA,NA,"https://thescoop.co/2020/06/01/covid-19-live-updates-4/",2020-09-24,"2020-09-24 14:36:19"
"229","R_2U58oblVwqf67rWEl",1856833,"new_entry","original","NA",NA,"Brunei health ministry is looking to reinforce public health legislation that will allow law enforcers to issue compound fines to those who flout social distancing measures. Those who break public health rules may have to settle fines of up to $10,000 under the Infectious Diseases Act.",2020-06-05,2020-06-05,NA,"Brunei","BRN","BN","National",1,NA,NA,"Social Distancing","Restrictions ridership of other forms of public transportation (please include details in the text entry)",NA,"","Brunei",NA,NA,NA,NA,NA,"All Residents (Citizen Residents + Foreign Residents)",NA,NA,"Mandatory with Fines","National Government,Ministry/Department of Health,New (COVID-19 specific) Task Force",NA,NA,NA,NA,"https://thescoop.co/2020/06/01/covid-19-live-updates-4/",2020-09-24,"2020-09-24 14:36:19"
"230","R_1NfZx8RN8z4muTRCh",7884513,"new_entry","original","NA",NA,"Law enforcers in Brunei can now issue on-the-spot fines of up to $5,000 to anyone who violates the government’s social distancing measures, including mass gatherings and food handlers not wearing protective face masks and gloves.",2020-06-19,2020-06-19,NA,"Brunei","BRN","BN","National",1,NA,NA,"Social Distancing","Keeping a distance of at least 6 feet or 1.5 meters apart",NA,"","Brunei",NA,NA,NA,NA,NA,"All Residents (Citizen Residents + Foreign Residents)",NA,NA,"Mandatory with Fines","National Government,Ministry/Department of Health",NA,NA,NA,NA,"https://thescoop.co/2020/06/01/covid-19-live-updates-4/",2020-09-24,"2020-09-24 16:00:28"
"231","R_1NfZx8RN8z4muTREi",7884513,"new_entry","original","NA",NA,"Law enforcers in Brunei can now issue on-the-spot fines of up to $5,000 to anyone who violates the government’s social distancing measures, including mass gatherings and food handlers not wearing protective face masks and gloves.",2020-06-19,2020-06-19,NA,"Brunei","BRN","BN","National",1,NA,NA,"Social Distancing","Restrictions on ridership of buses",NA,"","Brunei",NA,NA,NA,NA,NA,"All Residents (Citizen Residents + Foreign Residents)",NA,NA,"Mandatory with Fines","National Government,Ministry/Department of Health",NA,NA,NA,NA,"https://thescoop.co/2020/06/01/covid-19-live-updates-4/",2020-09-24,"2020-09-24 16:00:28"
"232","R_1NfZx8RN8z4muTREl",7884513,"new_entry","original","NA",NA,"Law enforcers in Brunei can now issue on-the-spot fines of up to $5,000 to anyone who violates the government’s social distancing measures, including mass gatherings and food handlers not wearing protective face masks and gloves.",2020-06-19,2020-06-19,NA,"Brunei","BRN","BN","National",1,NA,NA,"Social Distancing","Restrictions ridership of other forms of public transportation (please include details in the text entry)",NA,"","Brunei",NA,NA,NA,NA,NA,"All Residents (Citizen Residents + Foreign Residents)",NA,NA,"Mandatory with Fines","National Government,Ministry/Department of Health",NA,NA,NA,NA,"https://thescoop.co/2020/06/01/covid-19-live-updates-4/",2020-09-24,"2020-09-24 16:00:28"
"233","R_1dAgt5Lo29zg5TMCh",5538721,"new_entry","original","NA",NA,"Cinemas in Brunei must restrict the number of visitors at 30 percent of their maximum capacity at a time and use BruHealth’s QR code. Cinemagoers must reserve their seats and purchase their tickets online, but those who are aged 15 and below are not permitted to enter cinemas. Eating and drinking are banned at cinemas.

",2020-07-01,2020-07-06,NA,"Brunei","BRN","BN","National",1,NA,NA,"Social Distancing","Keeping a distance of at least 6 feet or 1.5 meters apart",NA,"","Brunei",NA,NA,NA,NA,NA,"All Residents (Citizen Residents + Foreign Residents)",NA,NA,"Mandatory (Unspecified/Implied)","National Government,Ministry/Department of Health",NA,NA,NA,NA,"https://thescoop.co/2020/06/01/covid-19-live-updates-4/",2020-09-26,"2020-09-26 03:18:35"
"234","R_1dAgt5Lo29zg5TMEi",5538721,"new_entry","original","NA",NA,"Cinemas in Brunei must restrict the number of visitors at 30 percent of their maximum capacity at a time and use BruHealth’s QR code. Cinemagoers must reserve their seats and purchase their tickets online, but those who are aged 15 and below are not permitted to enter cinemas. Eating and drinking are banned at cinemas.

",2020-07-01,2020-07-06,NA,"Brunei","BRN","BN","National",1,NA,NA,"Social Distancing","Restrictions on ridership of buses",NA,"","Brunei",NA,NA,NA,NA,NA,"All Residents (Citizen Residents + Foreign Residents)",NA,NA,"Mandatory (Unspecified/Implied)","National Government,Ministry/Department of Health",NA,NA,NA,NA,"https://thescoop.co/2020/06/01/covid-19-live-updates-4/",2020-09-26,"2020-09-26 03:18:35"
"235","R_1dAgt5Lo29zg5TMEl",5538721,"new_entry","original","NA",NA,"Cinemas in Brunei must restrict the number of visitors at 30 percent of their maximum capacity at a time and use BruHealth’s QR code. Cinemagoers must reserve their seats and purchase their tickets online, but those who are aged 15 and below are not permitted to enter cinemas. Eating and drinking are banned at cinemas.

",2020-07-01,2020-07-06,NA,"Brunei","BRN","BN","National",1,NA,NA,"Social Distancing","Restrictions ridership of other forms of public transportation (please include details in the text entry)",NA,"","Brunei",NA,NA,NA,NA,NA,"All Residents (Citizen Residents + Foreign Residents)",NA,NA,"Mandatory (Unspecified/Implied)","National Government,Ministry/Department of Health",NA,NA,NA,NA,"https://thescoop.co/2020/06/01/covid-19-live-updates-4/",2020-09-26,"2020-09-26 03:18:35"
"236","R_30kOovRGzgX2yHrCh",4463490,"new_entry","original","NA",NA,"The public in Brunei, especially those attending Friday prayers, are reminded to that wearing a face mask are required when they are within the compounds of the mosques, as well as bringing their own prayer mat and to scan the QR Code when entering the mosque and surau. Anyone who fails to comply with this directive is an offense under the Infectious
Disease Act (Section 204) which they can be fined up to $5,000 or if convicted in court, can be fined up to $10,000 or jailed for up to 6 months or both.",2020-08-25,2020-08-28,NA,"Brunei","BRN","BN","National",1,NA,NA,"Social Distancing","Keeping a distance of at least 6 feet or 1.5 meters apart",NA,"","Brunei",NA,NA,NA,NA,NA,"All Residents (Citizen Residents + Foreign Residents)",NA,NA,"Mandatory with Legal Penalties (Jail Time),Mandatory with Fines","National Government,Ministry/Department of Health",NA,NA,NA,NA,"http://www.moh.gov.bn/Shared%20Documents/2019%20ncov/press%20releases/Press%20Release%20on%20the%20current%20situation%20of%20COVID-19%20in%20Brunei%20Darussalam%20(25.08.2020).pdf",2020-09-28,"2020-09-28 15:34:12"
"237","R_30kOovRGzgX2yHrEi",4463490,"new_entry","original","NA",NA,"The public in Brunei, especially those attending Friday prayers, are reminded to that wearing a face mask are required when they are within the compounds of the mosques, as well as bringing their own prayer mat and to scan the QR Code when entering the mosque and surau. Anyone who fails to comply with this directive is an offense under the Infectious
Disease Act (Section 204) which they can be fined up to $5,000 or if convicted in court, can be fined up to $10,000 or jailed for up to 6 months or both.",2020-08-25,2020-08-28,NA,"Brunei","BRN","BN","National",1,NA,NA,"Social Distancing","Restrictions on ridership of buses",NA,"","Brunei",NA,NA,NA,NA,NA,"All Residents (Citizen Residents + Foreign Residents)",NA,NA,"Mandatory with Legal Penalties (Jail Time),Mandatory with Fines","National Government,Ministry/Department of Health",NA,NA,NA,NA,"http://www.moh.gov.bn/Shared%20Documents/2019%20ncov/press%20releases/Press%20Release%20on%20the%20current%20situation%20of%20COVID-19%20in%20Brunei%20Darussalam%20(25.08.2020).pdf",2020-09-28,"2020-09-28 15:34:12"
"238","R_30kOovRGzgX2yHrEl",4463490,"new_entry","original","NA",NA,"The public in Brunei, especially those attending Friday prayers, are reminded to that wearing a face mask are required when they are within the compounds of the mosques, as well as bringing their own prayer mat and to scan the QR Code when entering the mosque and surau. Anyone who fails to comply with this directive is an offense under the Infectious
Disease Act (Section 204) which they can be fined up to $5,000 or if convicted in court, can be fined up to $10,000 or jailed for up to 6 months or both.",2020-08-25,2020-08-28,NA,"Brunei","BRN","BN","National",1,NA,NA,"Social Distancing","Restrictions ridership of other forms of public transportation (please include details in the text entry)",NA,"","Brunei",NA,NA,NA,NA,NA,"All Residents (Citizen Residents + Foreign Residents)",NA,NA,"Mandatory with Legal Penalties (Jail Time),Mandatory with Fines","National Government,Ministry/Department of Health",NA,NA,NA,NA,"http://www.moh.gov.bn/Shared%20Documents/2019%20ncov/press%20releases/Press%20Release%20on%20the%20current%20situation%20of%20COVID-19%20in%20Brunei%20Darussalam%20(25.08.2020).pdf",2020-09-28,"2020-09-28 15:34:12"
